6665 6260
858 595
8727 7025
5824 6192
9352 1479
9622 4435
5117 7695
9747 9628
388 68
1575 8216
6184 7477
4404 9458
3940 6491
128 1130
366 2827
1080 9685
3186 1198
5222 7494
5227 3087
7974 5516
4330 5189
1622 9563
2672 1442
8844 6191
3022 7994
1293 4846
1023 6984
6362 7230
1028 9358
4349 504
4593 8332
645 5915
8070 4787
4095 9923
9489 3882
4646 8955
9457 8816
1692 9776
4142 6387
1497 4472
3351 4289
6626 3092
2236 1405
9166 9554
4894 8276
5110 662
9731 8992
5995 425
2286 5084
428 610
8751 1418
2471 9269
2951 3138
8464 5225
8959 3051
6033 447
3337 2335
8385 3183
7942 7962
5495 2117
5594 7427
816 8412
8013 9694
4048 9577
3251 801
7349 5596
7550 9206
1874 611
7779 1281
6283 9375
7690 8994
6268 8090
5850 3405
2015 9737
4629 920
6286 7535
703 6116
3445 8339
2805 2368
3820 8355
364 4698
8164 4232
8791 6727
4303 9595
7821 5958
1365 3465
969 2208
9812 4467
5748 5586
375 4073
1617 3278
3498 889
8711 8767
6221 6642
4772 4908
1512 9741
1168 5727
5278 6414
8208 501
2229 1464
6172 536
101 351
5027 492
8062 1874
2638 4856
959 4664
3826 4006
7348 1417
89 2156
5936 7297
2947 3947
8187 2577
3497 2423
1278 8119
7139 4712
1917 9455
682 737
7987 665
6160 4848
677 2301
1503 5077
1439 4989
704 9110
4612 5290
1757 3714
2325 2057
6425 7621
4863 3702
8862 2907
3385 330
1446 8888
2350 5434
2878 168
3465 48
9032 5010
5566 1902
7617 9698
1361 6304
5603 5031
321 5601
2619 7690
4228 1521
7133 2801
6345 1349
5222 1491
6234 111
3667 7453
1841 3728
3504 9252
6844 5755
5604 4987
7204 8220
7163 55
4906 1481
9171 5249
7763 2376
5259 8989
6198 4065
2601 5097
4003 677
2523 9303
9095 607
8097 1870
4189 2826
9753 1838
3079 5587
6202 7523
5549 4032
1077 9836
6437 1169
7656 6444
1251 8102
4245 4864
9123 6914
3188 4387
1925 6542
7156 2591
3112 2737
167 5108
9755 8142
799 1358
7296 7887
1219 4098
4353 6273
1207 7848
4951 6559
7371 2336
4425 1123
594 7694
6834 9531
4853 984
3526 7961
1961 2722
5142 7965
2607 6103
4386 4790
2267 9131
6495 1543
9415 2159
1162 1575
4153 3557
1323 2155
5762 2612
876 552
1768 2206
2268 228
854 7776
2175 3644
1762 8953
1145 3836
6512 2527
7723 4810
8997 6063
7853 8755
6847 6195
6237 7962
2963 473
6599 5774
4806 5697
757 1356
2752 1015
4072 7861
5582 5315
6104 2002
600 125
1720 8436
5810 3556
7662 4400
2278 944
418 7804
7937 3894
9172 5923
9901 5533
9235 8543
7616 8751
8011 968
6675 1858
7231 1831
725 1192
728 64
6193 5731
7644 3168
4493 2637
5890 9458
5380 3223
3413 1977
7175 9984
7815 105
911 8025
9560 9366
4598 3206
6535 3746
8647 4823
6905 385
6339 8968
791 96
8246 2086
1564 9973
2153 3652
2352 2808
8025 3628
5167 6178
1880 6857
8270 7621
6690 9588
5310 3228
1762 6462
5089 3748
5766 5118
2893 6780
9776 3707
2063 1289
5679 8925
9073 1341
3982 4751
3551 4200
6379 1847
9719 4784
7739 2249
432 4205
4380 6984
1628 5656
715 4654
2384 6421
6039 3071
5171 4814
6757 1977
5797 1459
1093 5567
2099 8607
5236 8358
1480 3084
8596 1615
7446 9321
506 8791
2453 8059
7574 2091
8299 2722
360 960
6461 6910
2225 4129
2820 9906
8600 3546
9812 9191
1838 3685
5513 8115
6772 7331
9155 300
9275 4558
1667 8024
8764 6156
9046 7079
9081 7446
6978 9347
3507 8986
8079 54
6302 8862
5096 2477
1154 5222
177 6156
1716 5607
8827 2290
9508 1565
3383 6382
2232 186
4807 6274
6697 8288
411 551
923 9633
5034 5458
7491 3845
7327 4853
1157 7420
8662 3497
1404 9780
1223 9258
5437 6013
6195 4099
2733 9691
9228 1564
7730 7596
2234 8929
8552 6795
7771 7461
7110 8660
6170 4295
5248 7688
7012 7236
7198 3380
2055 5549
9164 8733
6604 5098
8003 4703
6406 9822
5800 3542
5547 3005
8019 6540
3955 2460
6947 3092
6143 3721
2561 4118
7035 5178
5314 5869
6503 2826
8513 9901
8450 689
4316 7865
9928 8899
5325 1060
8431 6284
891 4758
9452 2026
1794 3585
1851 8348
1793 4565
1566 4937
4179 721
3381 7972
6289 2474
3423 4175
2870 5265
6736 5358
2338 6160
6900 1117
5298 7893
3107 3620
8560 5411
9078 9642
6967 1493
5209 4152
4139 7332
5569 879
854 1067
3903 316
2373 3097
9189 7995
8325 102
9369 8235
8776 9642
3176 832
9500 4826
1453 8046
6654 4612
6354 1029
7898 1534
726 744
2327 1786
9007 8242
2385 2877
9170 5931
598 4831
3473 695
1078 2933
1748 6848
308 4766
3739 7893
4258 2139
3587 8019
1388 4675
1463 3827
932 6709
2505 9540
7534 8751
8225 3419
3324 686
7157 1848
3597 3511
9738 5610
2081 166
6682 9269
912 565
1830 2468
2348 2464
2573 3610
6276 4950
8382 7069
3323 4066
9291 2501
9304 8858
591 6961
4671 2456
7713 8411
4064 3704
6937 237
5966 5025
8850 1347
7395 967
1712 5491
226 784
3348 2667
5965 5222
6575 9482
2616 8541
8931 4898
7246 5941
4496 1884
6642 8497
3629 972
296 1481
581 7302
9349 8622
7573 546
2165 9708
5906 9292
9100 9972
1024 9119
5167 2315
2065 9490
1731 7421
7754 5315
3798 8102
2125 9828
5901 1475
6802 3732
3422 6116
4439 8159
2527 2724
5114 3800
3230 9260
3492 358
3858 8021
9816 1900
8658 1788
9132 6910
3877 5883
8424 5649
2537 9414
6685 4898
1096 1940
2072 1434
4632 9455
3302 6624
546 380
74 5199
8662 8062
6269 409
1372 2504
4117 8797
6814 7939
313 6789
3172 1455
3780 5571
6032 5453
6873 3661
1788 28
3382 2134
6256 8242
2987 7903
4904 6366
6764 5534
2133 3292
8133 2558
4963 1656
5726 8135
8379 1030
240 31
5722 9553
1303 833
3522 531
7944 8542
5055 3765
7620 1665
7916 9031
3102 2438
3543 6738
8601 2750
4611 1932
165 9612
7165 6060
1084 8788
9393 8366
7960 8309
1309 7945
3112 7732
1542 7695
643 7195
1658 1829
8012 9170
4838 7109
8742 9293
3625 5440
6409 1493
968 5863
1077 5772
9731 8651
1271 171
1496 7683
7386 1918
4471 6751
1504 3107
2230 4267
5041 1438
8806 6950
3491 2641
5077 963
1563 2762
8757 4303
1187 3565
604 6772
1228 3236
862 3022
2006 548
9161 6525
5150 5314
6191 6746
7878 2646
7785 765
1163 2783
1225 2510
2100 5078
9521 6122
8710 8535
7298 280
3040 238
1288 5085
1379 2830
7972 2349
9185 5960
2458 5635
1675 954
1133 8291
9347 4278
8775 4750
1129 4132
9021 4246
2052 2794
1889 1314
1119 1995
8522 9907
2247 7166
3618 7192
6706 2306
7695 4928
3346 222
1524 7263
1177 7149
1480 6866
9359 4777
3063 6982
2546 3623
2584 5781
8974 8181
4271 5075
3517 5455
6452 4840
3729 2247
1028 991
4480 4646
5878 4175
6894 1534
9328 2391
3361 7443
7562 3071
1537 4234
9651 9724
1279 783
452 325
4824 1405
6050 836
6121 922
8792 159
9813 6689
7012 5880
229 1460
2048 1393
2416 7569
9972 3508
1723 2308
4458 8162
6914 510
4834 3978
6983 4837
1448 4508
42 5948
4978 7374
5707 9028
2462 4992
7468 546
3436 7227
2202 4051
487 7471
9901 2078
2090 1837
782 841
6464 7442
8393 7551
509 7782
339 1936
9771 9011
1406 1369
8872 1130
1770 8405
9134 6354
1070 8884
4994 4674
3511 3420
9154 1185
1216 7661
2680 7340
6083 137
4324 9640
9055 7076
1402 9609
5819 2392
7143 7938
5865 9468
8378 2814
3134 6310
5856 1918
6866 5615
6448 1059
9987 4726
5225 6431
2863 1927
8808 1479
1425 5917
2462 3068
6619 4117
5074 9435
3382 6214
1731 2209
5013 6430
9745 4642
6881 2462
2732 3404
1280 9657
8157 9032
5719 2825
628 9457
4290 3027
3137 1688
7169 9132
5591 3926
678 9787
7453 1507
6780 3105
919 3399
618 3446
2053 4800
1112 3510
8011 8724
5378 6012
6081 8903
4122 9501
5435 1630
6818 729
3931 9669
9163 9358
3797 766
1000 5741
8996 6043
790 6929
5771 8206
3552 7789
2751 5742
9421 261
4691 9837
7629 223
3475 793
1333 699
4470 2207
3639 7042
9518 5862
7046 1403
1921 27
7528 1412
4061 1993
1212 8478
9335 140
7630 1737
1045 3126
4728 3219
6685 2129
8380 6683
7501 8021
2816 9290
1773 29
888 53
1058 9445
8714 8700
6788 7735
3774 2310
1537 2582
4869 8241
3875 1674
3004 6420
7280 9646
8209 9816
5426 7798
8149 2023
4310 5413
3986 3379
5064 1821
3806 1162
8079 8329
5856 2680
8900 7800
1731 29
5913 7002
6842 8097
872 1024
5539 6278
169 1199
6527 1645
6024 2469
9328 8955
9494 9295
2355 6925
6815 9434
3344 5081
4637 1929
1184 631
2443 9255
2495 8401
44 3181
6002 5158
2716 901
2971 757
183 720
8442 9993
41 8582
4486 6271
7638 1964
924 1888
411 9835
6791 1531
1460 8398
8433 5074
1887 3483
1801 2872
4081 3318
2246 7929
2088 2531
443 923
8929 8811
9899 5844
1019 6464
831 540
4460 2756
3717 8852
1218 9575
1611 4615
8268 4624
6828 2688
2618 2526
8330 6668
6546 5583
3726 1841
2581 560
4972 79
8081 1414
1706 1574
1720 1565
210 8873
1281 8671
3013 8098
6589 3095
9907 7909
5917 8998
4921 9849
9235 2470
2634 3556
3254 9646
2385 7559
7001 4757
981 378
7678 9370
1854 4792
8583 4451
9111 7231
3949 9284
421 9601
325 5491
1191 3838
864 1418
6751 1558
2785 5596
7136 3385
1157 1148
1191 1601
4606 4474
5839 4515
7824 3327
432 8962
32 8043
4200 6580
2217 7373
269 265
7137 5907
9617 5369
9627 2210
7382 813
6302 1000
9972 6546
4503 1
4138 5721
9402 4183
3249 5730
8687 9901
5783 5546
3706 3149
6778 6738
363 1680
675 1155
2024 6911
6742 1551
1560 7047
2903 4777
2033 5666
2847 3975
3139 7620
703 5830
9079 1779
7092 3344
8803 7211
1740 170
3695 161
24 2529
3805 758
3554 262
3668 654
6001 9206
8845 3729
5962 1999
8674 1698
5945 2688
9748 5855
6929 2001
7772 6440
5888 4451
6772 6579
8694 9849
534 2894
7288 7623
2485 823
6304 8042
4428 1641
3767 5704
9268 5400
4694 6265
1369 3551
5785 246
2607 3592
2645 2305
7137 764
8332 9462
2330 9131
8062 4064
9511 1982
9330 6238
253 666
118 6343
1415 568
8291 4492
6211 2868
5492 2750
14 803
9064 1984
2829 1224
7638 5134
4205 2472
2225 4862
4205 9196
6748 1989
9595 407
6015 366
5483 6745
9979 6710
5423 9411
2459 2331
356 6748
1307 9095
2649 916
9885 2087
1590 9575
3786 2417
9066 1635
5542 4917
565 9838
8215 4195
6200 114
151 8077
4921 2554
3592 382
1995 802
3799 3756
7982 5321
6116 1562
4835 3706
1457 2513
8434 2044
8457 4705
4415 7911
3668 4434
1339 8392
4184 943
6727 8791
9185 7989
8142 326
756 9992
7587 5260
2784 6615
3737 9443
2151 1649
8578 1343
5468 1305
202 6929
2813 2246
6004 7146
6626 9837
7589 932
7398 9427
560 5853
2438 4797
4786 8261
1224 7867
3407 2890
1758 4837
2332 402
9899 7780
2335 3882
4405 4276
2100 7868
3499 9448
497 9238
3545 7023
7676 6728
4394 6534
7996 1997
6637 974
2861 8831
4075 8799
7112 8917
4936 125
8545 6526
9176 9770
3779 6498
9236 556
4937 3398
3725 416
1007 4737
2033 735
5561 4861
9963 544
1313 1344
5919 5071
439 3243
3878 6204
36 6450
9479 263
2751 6574
9752 7131
9796 6720
7267 5352
6818 1863
7723 6181
5396 9315
6033 1797
802 4843
9922 4970
9241 364
4596 648
8424 1442
1761 5963
1036 956
1650 8043
3695 6347
3488 1839
3724 9964
8743 1648
1446 343
5213 4703
5209 5462
9665 8810
3025 5993
1111 1947
5258 650
3315 113
6088 9341
1571 883
9880 250
3426 7874
4647 7613
4971 7262
881 8462
8555 5740
5356 9117
2474 3639
1206 1856
8922 8149
7453 5297
8625 6075
3758 3377
5668 9187
9999 9890
6485 5164
5553 2803
3119 9171
2784 6412
5342 929
269 637
3461 4469
3454 2739
1274 2036
6132 1227
2740 5038
4909 9545
6888 8883
1115 379
7120 8597
5094 2009
5166 1007
1789 6672
6448 7431
7042 4752
1236 8368
2871 1731
397 3523
7939 31
2710 1406
6409 9725
6391 5246
3515 8730
3046 8826
2923 8606
6079 5151
6371 588
71 9235
470 7801
2077 5924
261 3377
5843 3729
1654 4870
940 3596
6611 7482
598 190
447 319
3625 5083
2526 7116
8032 5752
8453 4595
7288 1738
1663 321
1911 368
3762 4486
5008 9540
2578 4534
7843 8094
4964 2767
1305 8698
102 1387
2545 987
333 9400
1765 6944
5726 7703
1041 7509
1729 5538
5668 9021
9939 3569
5191 9087
1979 143
3182 2639
9727 1976
9709 5006
6968 1557
7886 8916
7412 6780
7184 3325
2906 178
1073 8226
8035 6690
591 570
3223 5443
6315 976
1925 9732
5439 5303
184 6075
9186 1195
278 5423
4937 9402
4442 6962
6176 2115
2069 4659
4170 9197
8688 3747
6453 7947
4437 87
7922 3870
9855 1741
6196 9356
2255 9714
3670 7552
7120 3171
7473 8962
2861 6099
814 1449
4450 7053
1849 9470
8737 7530
6952 9218
182 6324
7451 130
2748 9868
5299 7738
4993 1449
4151 4760
87 4851
229 6835
6285 207
2678 5772
14 3963
7349 7171
4968 7789
753 8237
9376 3863
4465 2004
3572 9245
1016 2112
6384 1210
8778 4965
6757 3936
1965 1100
2951 6286
947 1079
2086 1079
4071 9231
6032 3249
3877 592
5956 251
2304 680
7082 1938
9438 2028
9793 6198
8742 4539
8825 1865
8206 5271
9715 1992
6062 4529
3974 8364
5449 9604
6451 2035
8332 261
3579 8619
7991 7129
3823 639
4397 680
2247 7701
2855 1760
695 8758
9629 1373
1920 4480
8919 9768
2115 7993
7505 2814
6348 9701
8846 4194
9452 4442
4014 5861
8150 4546
5539 9125
6959 7504
6800 1588
8096 4135
5027 2299
2877 8087
7317 7118
347 1513
7279 2033
6958 3901
9231 1499
3328 2113
43 6330
5913 4789
2613 8040
843 8702
3392 8621
7437 1752
1154 3908
3451 2959
6219 7202
9388 5999
85 9588
3316 4154
6203 5337
922 2330
7119 2209
2076 7224
7271 6115
7106 7453
1960 7653
5585 262
7750 4583
2082 7709
2043 7617
5506 1862
6022 1423
2490 6663
9157 7145
6705 9564
1334 1576
2673 3785
8922 1574
1511 4322
3179 1654
6287 3623
5600 3332
6368 7140
1999 2909
5860 3752
386 1538
5979 2804
9517 5145
8128 6599
2094 1461
8156 9175
406 647
7321 5586
2567 7845
1689 9734
8047 6905
393 686
3412 2557
16 1518
1616 3655
4029 1681
5584 7807
4960 6481
5575 9944
9766 214
9400 7518
9211 7618
1107 5533
9196 2941
2319 4275
9963 1293
2106 3831
8342 73
989 2281
7257 8781
340 9339
2755 2880
604 801
5367 2324
1325 4325
9013 4270
3450 846
5944 3799
4918 2754
9072 8946
922 7434
4819 31
6613 245
5503 1103
5795 6607
7812 5817
161 6643
7424 6620
4127 2047
2954 5734
454 9255
2227 3413
4029 7517
2794 8124
9879 1919
6943 6280
7455 9969
4810 1252
2151 4733
3693 985
4397 9112
2535 3786
4095 6406
2634 4527
3936 2545
9072 1920
2139 7094
2218 1876
8328 9681
7032 6970
9517 635
7552 5513
1175 2304
5784 8995
4793 8966
6710 9279
1843 4986
7883 7047
8951 1933
7739 3343
760 4912
2369 984
6580 2667
3776 4547
5412 7268
8764 5449
8385 2366
1018 2331
8745 5408
7494 3270
8866 2616
7572 7897
9519 7199
7609 4234
2560 3455
7466 2165
1663 4002
2629 1142
7768 9421
5375 5898
4520 9053
8157 2945
2058 1345
519 2007
5934 1864
6986 3891
5259 3980
2974 9407
8982 2031
3831 2713
8244 5364
6831 3513
6652 6290
2468 2740
720 8804
7469 1056
9533 1589
6515 4810
2673 7658
7374 468
1453 6496
4142 8339
348 6584
1595 3192
6435 3536
1503 5821
8648 1749
1762 1186
375 6021
9030 3160
8707 889
1428 9199
8971 9203
2438 667
7854 3860
4887 8764
1423 2977
4440 8366
9836 8119
1333 2061
5483 7388
2871 3933
9142 856
171 7946
2122 7989
595 6827
8794 8211
1675 8461
8761 7839
126 573
3480 9428
2810 4757
5532 9986
8962 9995
6611 430
6531 5638
1609 1499
4089 627
1654 7864
9186 599
1355 3065
1043 3062
3533 7466
2474 8259
9472 8449
9380 4392
4759 772
2879 2504
4715 7819
6083 2452
1195 5063
749 4203
3235 2627
5836 981
9136 3178
2383 1074
6642 2665
1550 3758
7571 5047
3913 1432
9079 5298
4526 5188
9620 5691
6047 7341
9013 9013
2546 9231
8521 489
1227 7620
7889 8078
7159 1581
26 3064
2554 7491
9496 1518
6124 1246
2740 4272
4224 3174
2967 1497
3797 296
2551 2753
4176 796
337 4951
7929 9797
8392 4877
5493 3640
508 2931
7172 4977
9327 9017
8940 6482
7764 2127
2678 4892
201 9856
3623 1027
5623 2398
5489 3022
6295 847
3883 3981
775 329
1871 5118
3326 554
6451 7904
8972 1115
586 7993
7525 6693
2763 870
7775 3077
8114 34
2138 1740
8774 3193
7248 2202
731 8172
4621 2396
