4035 6038
2760 4956
4120 3873
9787 7884
701 6653
2472 3574
1147 5438
2369 340
290 4934
6289 7961
4555 2202
1053 1121
2957 6289
8060 7449
2628 9997
8873 2130
3983 2077
4246 402
9192 4449
5042 4668
7546 4448
5582 9841
2430 7127
365 2759
8438 9955
8379 2777
7342 2161
8880 9727
192 2579
6068 639
7223 8438
7621 2484
3286 2770
1462 1886
9849 1650
4763 7370
8700 4196
3730 1700
7147 1283
3108 1562
6010 7139
541 8322
4038 4252
4279 2639
667 6203
4302 7104
6296 5621
7008 8186
3056 1278
5267 8871
8658 5962
2283 9711
1195 2993
9356 8326
1498 888
7693 4277
6917 8477
7758 605
5434 5987
2907 3850
600 7775
5713 4485
6191 1778
1137 5116
7237 5657
9235 4982
171 1921
44 3185
2127 6671
3155 3055
9203 2351
9697 3441
5134 7466
3271 6402
4306 2766
5060 663
3502 5577
8742 4580
6932 1189
8753 8003
2605 9307
734 6306
9852 257
6198 906
2497 7029
9616 3383
2127 8895
1031 3205
239 802
8575 2807
9878 6804
5673 8158
1253 463
5621 3352
528 8790
3239 4886
8769 6059
3694 7555
3453 8512
769 994
2295 141
8714 2039
6884 7170
6551 2729
7407 4989
1727 454
3358 3742
9859 263
1333 3721
5141 1990
5433 7404
2620 8814
935 1250
4760 5905
4870 6583
2884 7647
5419 3581
6986 7606
9307 7870
2987 7253
9110 9731
6270 3062
9634 1572
1833 1451
1286 913
8814 7544
2088 9441
2328 4449
4377 8952
7142 8229
9983 558
151 75
8595 8126
6455 6668
1677 7885
1705 2562
3420 700
2309 2351
5578 5102
8756 3969
8720 6334
1946 2293
1846 2427
7970 1465
2733 7509
9536 22
6657 7805
3747 9102
8617 8824
8474 4434
