7297 2754
6676 4785
6029 4047
6363 1213
448 7006
5778 1725
8535 60
3378 6547
4277 3613
2141 2694
3915 1344
8695 8944
633 9828
2211 1589
4179 8635
6859 4517
8103 1246
8964 4036
8766 1265
6033 3688
65 9353
1575 2242
1247 7947
9489 113
2364 7238
7028 8003
4140 9732
3958 5630
5712 9805
9675 2350
3807 3453
7616 5679
4329 2135
7644 2910
3464 106
8323 4139
4840 1731
6749 7282
9657 8178
2567 4170
963 8465
5096 3052
8377 6835
7430 8472
2736 1626
5177 7669
8658 1900
3889 6633
5566 8678
4980 5576
5811 8929
8043 5263
413 6036
2733 9043
4286 2922
7068 6309
3793 2630
6831 1801
1867 1284
3103 920
7858 8418
9222 8691
9651 31
5700 6568
6895 2754
2452 1322
6134 2174
1135 2956
8983 2165
9104 3150
3061 4890
280 2859
5598 3692
1938 3330
5561 5024
