569 6852
9326 3005
1528 4445
651 4446
371 6183
4419 4244
2453 9019
7705 4826
3609 7386
3774 5869
188 2043
247 2875
2323 3349
3843 843
9337 4607
3980 6078
2252 9957
5339 7908
8265 9086
161 7826
8052 4909
803 6114
4893 965
7365 6876
1536 4688
9035 900
5067 8817
8588 676
8917 7112
856 203
1629 7719
7355 246
8944 1587
658 7038
7584 9117
6862 6162
7265 913
4199 2102
6133 1806
434 2700
4891 5271
4502 6867
8196 6154
7163 941
8614 6687
3380 9285
3396 4339
559 6640
5966 5670
1067 6771
4084 6161
5769 5990
9361 6636
3782 1800
6214 239
1336 8915
2644 5511
9238 1376
8782 4620
5229 6862
31 3345
5792 832
8440 6795
7568 4917
9772 3797
605 7644
1583 9731
7611 1622
2988 4950
5288 30
9926 6688
9133 8215
434 3288
7796 3430
8019 9904
9449 6640
150 5397
2419 3444
7007 6999
5301 812
4115 138
4336 9888
3112 8923
2220 6219
698 1303
9943 5778
5743 5625
5836 3843
1197 5218
5751 1722
778 7278
5592 2858
6020 1588
8614 6490
1331 4750
2551 605
1116 3755
1117 5127
5383 3489
6835 717
