9182 1211
411 4707
484 3253
3636 9044
139 928
6774 7988
9387 7471
5003 6498
7174 2655
1095 2070
5510 5042
905 8737
1555 3885
9152 6998
5337 1550
3935 1641
1433 2787
8564 7542
2287 1415
8966 501
1044 7838
1421 237
4341 5619
6742 471
5076 7487
2695 7685
6845 9293
9888 706
8828 5212
1059 6555
7261 7637
2997 5775
5236 1213
3797 5619
1694 3389
4060 6921
455 9056
6438 5329
3373 6477
9984 2736
4613 1094
4162 7889
9069 1376
3440 7546
1746 1604
5163 2256
227 4949
2109 5805
5349 9331
1941 4096
3113 5839
959 5910
971 512
8392 1753
6444 3893
2448 2790
3345 3452
8225 2690
3117 7747
384 7135
2093 2509
5777 1052
1571 6279
2160 6187
4902 4251
5389 7832
5704 2245
6343 1158
2487 5172
4876 459
9960 1299
3727 1743
7201 8809
8636 6257
3605 9981
6953 3435
3414 8878
8237 4055
9542 8467
1445 9154
4318 4590
6484 5840
2307 6742
5995 6896
501 1973
4505 8257
6778 4479
6357 1253
9403 4612
170 5221
4365 2008
2322 950
387 7633
4438 7610
7138 1776
3973 3018
5157 4932
2435 9602
514 5819
1411 7901
3340 4123
4152 9955
7274 2640
4745 3520
8777 2582
1396 375
1213 106
4772 4726
526 9964
4533 2220
1040 6056
7319 6633
3507 1365
7633 1989
8829 8316
3193 2260
4932 5261
4481 4519
9969 1808
708 4054
9745 5944
833 2206
877 1212
7222 8661
4173 3032
4161 2550
2681 9041
2004 2169
3824 8712
5799 2801
7740 3729
2114 1373
2037 8837
7179 5079
8133 5893
7933 8913
4029 1119
1866 2594
4838 1846
5537 8891
8970 1037
8291 190
1635 820
3187 2337
8932 534
1677 7071
6951 3906
3593 9952
4247 8729
2191 7227
1488 3928
284 7465
1715 1574
598 1419
3790 9183
7453 3166
6459 5843
7379 1966
5000 6601
669 393
3415 4664
5498 5686
2615 279
4916 7718
3986 8626
484 7945
8968 64
9035 2388
1261 1204
6926 1650
2110 4449
5345 7016
2714 9121
5672 558
6318 6711
1658 8442
2993 2132
6823 7535
2866 4935
9083 3238
9279 2648
9587 3915
3191 8039
4560 6908
113 3712
9001 4254
3391 5058
8998 9281
4942 5744
5675 6644
2815 9368
769 827
8987 8242
5163 2896
2289 2315
2663 8393
5444 1955
2516 1513
4292 2243
179 4792
5161 8771
1537 4359
3207 8011
2835 6575
7646 7624
915 2298
9234 9602
1723 3509
11 7036
2127 6211
9149 4747
7936 2837
1706 8138
3309 1273
550 2189
1085 8657
5052 2021
1963 4022
3584 2660
1457 1596
8164 9873
1481 983
5695 3102
1183 222
282 1288
9274 7152
9229 4143
6285 9540
1818 5367
2569 3429
535 6973
9878 6126
6802 606
4273 9458
2992 6245
1336 3119
4967 9107
2948 9700
5373 676
7686 8016
2385 5279
261 6781
9224 7534
2039 4782
7898 5472
846 9604
8190 3579
3797 903
259 8710
3483 2115
1889 3893
6351 7697
1055 3446
1917 3000
9590 2716
2711 4483
662 2025
1464 5860
7816 2610
1397 8153
9364 4558
789 3887
7747 1343
258 7237
871 5412
2864 9298
4410 7550
5022 9657
564 6977
6011 1739
1649 269
4075 525
3363 510
5818 9308
132 6641
5200 7023
9534 3001
533 61
1582 256
5783 2686
4150 5137
9481 6310
9443 7046
3278 2175
4926 5293
6647 7093
1302 9505
9770 7592
1566 6758
1748 4510
3283 9252
1695 4840
3490 4376
9239 534
6823 4359
9833 2588
1208 2741
1422 7079
2323 2870
1687 1739
1174 5490
3497 8239
3054 638
7963 3212
3649 9992
1469 241
831 3491
6539 5594
7446 996
9858 2946
9814 6652
3747 3895
3222 1816
2262 765
9300 9557
992 2614
1938 3400
24 5744
2319 2845
3158 5455
9123 3709
8221 4973
2783 6454
28 6591
452 4982
3599 9098
580 1415
3499 5798
6966 226
2137 7921
6909 5069
1042 9607
9915 3591
5181 5409
3730 9349
5573 171
2028 7374
6270 4107
1131 1428
4329 8446
8851 3348
2694 4949
3895 3584
2473 6337
7585 7338
9440 6026
2598 9716
9092 3606
633 2134
4479 8888
6671 4032
4525 4823
4771 1952
902 5505
1547 2982
7322 9552
2891 8454
398 8923
2680 3214
4230 1328
1984 5721
6355 5025
5799 3395
5343 8812
757 1070
1687 3071
4207 356
2281 6348
5362 2686
5661 2890
1688 1876
5993 4380
4580 7558
3759 837
144 5483
4202 5436
3737 2215
3321 6253
9625 9426
9099 9968
8709 3943
1596 1774
5848 5211
4671 6065
4640 2479
652 7979
8424 1222
1963 7946
9830 7723
8082 8506
3173 7917
9692 5564
950 2396
1803 742
1938 713
4303 2362
6819 5801
2791 203
3092 9531
8775 302
741 4042
1467 3886
5076 948
4267 5810
1849 4748
6927 67
2337 3165
3717 7464
93 7808
7056 9220
1515 2512
7844 1827
1941 428
9344 6032
3881 7676
8010 1467
170 1592
7489 650
4180 7174
2111 2381
6677 7634
413 9958
2954 1763
5628 201
4936 4267
2593 1040
4653 7966
5713 3042
4837 343
1886 1093
913 824
3200 9745
7797 7009
6359 775
7489 2835
6575 7074
8722 2421
9685 173
6794 1062
7722 7846
382 9092
182 6321
1326 8109
6846 1231
794 2340
6537 2448
2258 806
2576 1399
255 4749
2276 8158
433 8756
3380 2618
9689 1116
8607 9007
2072 4607
4166 6087
5862 36
918 1039
5191 787
6517 3859
7932 873
3210 251
9046 4573
6242 3238
5312 9699
2161 3622
5966 5345
1190 587
9648 4465
370 7845
1755 9991
6537 8388
4714 7427
5850 867
4657 7273
5708 5541
8275 5743
8377 2653
7780 8662
16 5380
3569 3789
2261 3223
5182 9202
2236 2031
1504 4714
3654 534
6957 5460
3819 5990
7569 2025
8121 1172
115 5654
4507 3133
2838 4413
5693 9199
5252 7497
3279 5723
8456 2145
1545 1642
6699 8206
7231 2382
994 8384
6468 7850
6309 1614
6867 8980
7891 3325
827 1482
7332 4676
411 9571
2079 8621
3679 4664
9166 621
1130 3779
3471 6936
1077 3254
44 895
8758 4846
1148 9659
6772 7498
4891 6943
6714 5223
1976 633
1930 3790
5134 5433
3860 8336
2678 1605
6343 9680
3674 9932
535 1298
3244 762
9104 9363
9496 6459
8506 3177
1672 5299
1853 6876
1463 2285
9031 8662
4488 8147
3804 1479
488 1374
8861 3451
753 5342
3180 2880
448 5212
3102 6114
9705 494
3202 969
249 8139
6642 7207
4029 2496
4488 4778
2305 8066
1363 3785
155 5412
921 7629
5114 3835
5134 7789
1417 7776
3014 1518
4840 8598
7848 9370
381 7278
1973 6001
7782 9831
6903 1774
8050 5481
4012 2460
9073 8132
6965 5624
9306 9636
8778 2248
1644 9272
1505 9228
9222 1123
2927 5316
5882 114
1197 2755
95 5456
5038 3779
2951 7783
8737 568
6401 1687
2482 8105
3712 8684
2662 2524
9563 2299
5591 5041
2997 6492
2508 8963
4944 799
1020 8154
7358 6600
4212 4036
345 877
7512 8853
4132 6130
695 588
1809 50
1282 4057
1844 5505
989 6140
9687 6384
8903 4335
7472 9425
6247 4263
6032 4795
887 3607
9501 8320
2598 5989
4386 8125
1065 7169
613 1361
8737 1075
906 3778
51 2356
8310 7805
3587 8672
8503 844
4514 9227
882 7117
6539 2946
7228 6000
8216 2179
8989 7889
6698 239
3842 6055
8393 4366
1970 5084
1769 8420
9316 9279
3917 6435
4399 8838
5040 5633
7665 6135
6482 1900
2724 3737
6303 603
8878 4342
8647 8534
7256 276
2569 6185
401 6725
7681 3012
387 1259
2260 8487
3799 4464
7337 7725
3381 5285
1803 3078
1663 4217
5420 2538
