2445 1575
1932 5857
7367 1153
2244 1368
1814 2221
387 1490
941 7522
6499 8165
5489 4130
6608 9639
2558 1786
5554 2197
3256 697
5545 6202
7171 5573
5210 8639
8647 6475
8538 942
4798 6037
5624 9227
9824 689
2927 2469
4290 6847
8507 1737
6250 1691
8541 504
6742 7340
3514 8234
1597 4204
8265 755
7461 2778
5772 9973
7543 892
8878 5814
2033 1688
9391 6612
9338 8869
2588 550
4779 3245
2114 4836
8860 2854
4355 5658
7485 5570
7466 7465
5606 3715
6092 6158
512 9603
4385 7495
2406 4275
6641 6531
790 4530
5858 938
9069 6049
9697 4637
2818 2612
5054 1823
5665 475
6445 580
2075 7266
9386 6617
9451 8310
1677 1588
1453 2697
3758 1261
186 2888
8459 2461
6695 5259
3896 3781
2479 6636
1990 9715
9949 2348
5015 8449
991 6994
4609 4063
632 261
9505 2114
4821 4957
610 9532
9938 7444
7630 1021
9821 8115
67 746
4363 3306
6170 6414
8409 4624
7380 1311
2246 1356
6246 8466
5616 5507
1591 7137
8876 1123
1848 7308
4314 2975
355 1326
3992 9036
7990 3457
9461 9227
4610 2916
7849 6841
831 4268
8756 7427
115 1033
6916 46
1251 4251
2299 1461
937 5220
5359 6852
6998 2480
5284 9573
7481 546
1703 7561
625 4944
3708 7850
8176 9971
203 8302
9824 2472
3558 2046
154 2730
5695 4792
9093 643
3015 2658
204 8736
1466 7024
8260 373
8761 1543
4268 5153
9527 5683
9573 3251
3609 726
3188 1757
8376 3330
581 5848
4841 5065
9330 1865
1455 3475
1557 3874
654 2016
7755 8652
1411 1646
2729 2355
2227 6333
7635 5346
1217 9265
9898 1377
4964 2488
2246 8668
6616 9069
2629 614
1075 9260
1347 4446
4363 9942
6986 8177
2855 343
4891 7552
2243 4999
1294 5027
680 974
3607 7405
8891 5676
458 946
7253 4584
2591 1639
4771 6934
2681 2681
5486 1454
2852 7025
8493 2315
1981 870
6474 3569
327 7492
6611 99
331 3612
34 7620
3919 923
7503 8252
1130 6047
6404 1885
1639 7687
8289 1543
2312 7658
2209 9128
2365 6699
6908 7448
6934 7276
2047 7205
4645 4913
7225 1466
7 5798
8184 6309
6644 499
9299 4601
7284 7694
3097 8849
8677 1602
2682 1782
283 2544
132 4883
5815 3875
6577 934
492 4104
9326 4650
5837 1261
7935 6819
1514 8969
6706 9434
29 5117
433 3834
3616 1066
1692 5050
402 4259
6294 5276
218 2339
6286 901
3770 7810
7298 9869
2327 7764
2815 4425
9304 8531
4348 920
7070 1902
1927 4507
2499 3234
1584 5497
7542 3800
5765 5185
5381 7071
5837 5617
2924 2364
761 22
4205 7230
3400 7317
5904 1591
7930 7402
2318 7560
5976 1727
2680 5836
1089 6928
1582 7689
1800 1708
268 4930
8108 1838
2359 2000
8088 668
1305 4241
9020 7440
9737 2482
5883 614
175 5849
2072 5109
2326 6966
