9626 7009
7075 3404
8951 1680
2213 3562
192 9484
9565 5951
7961 9944
256 4317
2653 9799
3754 9917
4047 697
390 7219
7508 295
3419 499
1855 3121
1417 8676
476 2198
1077 9701
3953 8868
9504 2013
1474 1185
3151 9751
9317 4025
4327 2606
1973 2808
9687 2101
2506 2458
827 7339
2169 6705
9405 4124
344 3208
9086 5163
8229 9766
2694 3983
984 6484
7673 7515
3189 4066
843 1683
7078 2023
4 8764
4089 2072
2311 9363
278 3275
352 353
3828 620
7388 3309
7052 6720
6702 4978
9261 920
7567 2434
4146 4872
6645 2315
1249 7961
5176 1258
5366 1467
2897 2462
9871 4863
323 2734
9689 8820
1214 4317
9275 4320
1489 6028
3473 4594
5809 7217
8940 2838
5752 935
2296 2264
9919 278
3326 364
5246 7684
3051 7773
7715 9452
5793 1029
1746 5710
7820 1581
1997 5064
8136 1589
244 7187
321 1190
9822 8752
9306 6966
9400 2293
2434 6476
9469 4739
996 1348
5639 1562
2687 3173
6581 6031
8390 3617
4557 412
5432 237
1460 4504
1169 482
9820 1386
4754 452
2333 2536
6928 3489
8920 6244
9081 3211
839 3418
5900 1417
7497 8723
3272 6091
4556 1806
7029 9949
8828 5887
2499 286
3004 5096
896 9489
6338 151
382 4211
1575 7600
3972 1326
2975 3917
7667 6062
8054 6275
2508 9811
220 9159
8560 8998
275 6929
6680 7775
7350 9183
2678 5110
2972 2605
972 1368
6941 9172
5564 6652
7652 5217
8207 5367
1254 1671
1146 2669
8706 9351
8125 2809
1465 4255
3214 7791
848 4864
7910 4656
9475 437
9914 445
4045 6113
5117 7616
5334 3832
9572 4311
843 1041
7466 7538
4 2794
612 9632
8866 4765
5656 9893
5448 626
6650 7950
2491 9620
8583 4120
2813 7784
6294 4381
9078 5243
5419 1232
3476 9212
3661 4380
8837 202
7947 5736
962 9199
4683 4830
8175 2413
835 4813
1872 1816
1964 75
6062 1284
4931 5662
3225 752
5889 1197
8336 7396
1262 6722
1584 9015
8305 6403
1194 2212
3147 9361
9656 797
2886 2337
1984 2736
9464 58
7001 9993
7004 2653
2590 4953
8786 5820
3138 5798
9221 3684
3955 1587
7630 1788
6433 2177
3191 9507
7648 8821
4931 1013
7101 6124
6732 271
4750 2253
8477 4083
2589 5326
530 3758
7749 106
6508 7096
3229 4609
8793 3595
8246 1840
2339 8408
288 4562
1687 3478
7042 631
5226 332
3641 6181
9719 177
3872 8028
9340 6850
4177 6606
3286 9348
1851 2927
5593 7963
2437 4729
3557 6730
5394 8259
1573 4524
1973 6195
9146 3218
1158 6018
1559 5693
5109 6127
6254 3183
5855 438
4652 2589
1104 2322
5232 504
2616 3984
3601 1165
6256 6167
8913 2313
2526 8725
1580 5120
3031 4027
134 5984
6421 6668
7060 1442
8361 818
5497 8305
7379 402
1540 8733
2656 3425
5544 658
2402 1622
3693 8181
5670 1393
5013 9151
339 7197
5905 8382
4335 1939
8436 1384
1126 351
2152 6193
1277 2038
288 6910
6995 2152
1038 6986
5753 2259
7078 1130
8212 7496
1859 1997
8225 8738
153 8406
776 8179
9226 3996
2244 6273
1516 9681
978 9842
2859 1762
8295 5732
5451 5487
3431 465
1473 5020
1732 8096
7443 5591
7220 1038
6924 1563
6950 1759
2917 1892
6582 9488
1824 388
9679 1999
6055 7957
4624 6766
3573 7007
3810 7539
2258 2876
2825 6195
4005 2011
4025 2673
7925 2834
1243 529
545 7336
5903 946
2801 3778
1748 2251
