8384 613
5848 2651
920 1409
5384 5071
8662 460
2152 1641
5622 275
7714 193
3313 1689
2589 8798
1619 8520
2982 9464
2416 3803
658 1139
8691 2444
9683 4425
279 490
1017 2295
3418 3725
1899 3947
7999 237
3943 1612
6339 735
726 7194
737 9585
5411 9272
9802 5417
2558 1528
1247 1945
4668 3589
9473 2341
5937 1958
3644 9032
4816 482
5918 3155
802 8943
8510 7880
9653 1728
2603 2135
2455 8798
3171 471
756 2629
1830 5607
76 755
3289 628
3129 3996
3695 606
8879 7890
1957 5687
1556 9700
2989 2491
2978 8980
557 502
8907 6845
808 2419
4045 8692
3278 1777
3446 7054
9648 5291
7897 9955
6167 4103
5329 9297
4277 3278
4742 6180
7067 1406
9342 1061
5645 5805
2261 4593
99 3951
9584 8747
1025 1258
2351 8340
9322 5208
9329 7658
6112 3020
3020 3551
8639 9816
3277 3355
9515 2591
7165 1333
887 3111
69 910
6887 8897
4355 8558
392 2811
589 611
3614 9605
565 5287
6863 1204
8046 3713
6063 5236
2622 975
6762 2257
2773 9731
5225 9287
7197 1163
5391 4760
8354 9750
3395 6078
2371 9731
5828 5938
1850 3612
9848 1836
2057 4852
9829 6172
261 1420
3555 729
8519 3276
2193 6344
640 3376
903 303
3293 4032
6460 746
5372 9477
3834 7853
6830 281
863 5387
9854 7551
4677 4679
4832 1203
4980 3562
7661 2210
1861 644
7166 973
4954 6806
1959 7242
8029 7695
3015 1612
1735 5269
3324 4452
546 4310
124 5687
17 7488
1041 1922
574 7214
7077 6284
1908 7252
191 3371
5166 4013
6892 8970
2367 1570
8369 7369
1764 334
6864 1653
2759 192
5434 1498
629 657
4820 6438
6178 7303
3948 3151
6459 6409
8846 5352
5805 8163
1586 4656
5172 4988
1736 4412
7351 70
4231 7798
2018 7750
9986 1381
2835 9957
3181 3295
7626 4454
8126 4637
2298 5865
2599 4590
7701 1583
4835 1438
9159 3183
3839 8280
7265 72
4843 3290
2889 3240
3233 3960
2384 1821
9397 7939
1941 6666
1837 7756
5992 6684
9124 164
6929 1246
9273 9285
3346 9945
9917 9190
2826 704
2733 2315
8812 891
3997 2140
3103 753
7318 3751
5671 9548
2288 5176
1812 2232
4932 9720
473 2381
7067 675
1456 7485
43 4446
2732 8287
836 5497
495 7853
2309 66
861 9723
9925 5274
6640 5481
3918 6460
6669 3051
492 1323
2552 1767
9783 2651
9492 7231
8621 5443
93 4591
7541 4209
3337 1289
4511 6094
1452 3263
7631 1764
3675 129
9691 8621
3284 104
7027 1070
1084 9570
481 4084
2633 1887
9201 781
5153 2043
2322 8747
2658 6845
7118 5172
4627 5982
9735 4494
2282 1535
322 1801
2272 4629
6072 3116
2883 3270
4426 6261
9371 1464
6134 5548
2287 711
5320 4199
4312 7208
6882 947
1797 29
7918 2561
8049 56
2707 3055
706 8770
7495 4265
5347 2558
3716 240
8117 9594
6622 2106
1201 678
5971 2809
8418 5097
5764 8224
273 3776
116 7412
7456 359
7342 4064
3194 781
9804 9147
8971 2579
4517 7405
5276 8374
9142 320
1730 7965
677 1140
9928 2581
8689 9046
9690 7867
1950 6801
2788 2377
5552 7893
713 6629
2118 7063
2712 550
3737 3449
460 6537
6085 9164
1955 4419
1815 1460
370 6007
1911 59
8119 2123
4856 2440
5903 6118
8014 6337
3593 4300
3055 4382
2714 5293
8925 336
4626 9643
2931 5490
1391 8491
9614 1647
6193 2622
302 5076
5213 7312
9437 5255
326 3840
9679 5561
9689 8450
2955 2936
872 7649
2665 2184
2970 2617
3772 5122
1712 5156
7682 7037
2507 5026
9081 2189
3548 8335
6116 3129
268 2512
623 49
7549 1230
5775 448
976 3894
2957 6862
9257 3952
4597 5449
5521 5295
922 4054
3194 7608
157 8706
1224 5926
6717 6750
6029 957
9873 3658
677 5438
6628 1920
4 6299
5935 757
8061 1292
6302 2540
8132 1552
8172 3340
2774 7064
2896 2226
280 7104
8236 1658
2253 783
5779 8218
9324 3314
5132 5247
6113 1428
6868 5277
1587 4480
2056 7921
4838 5450
6755 6857
5026 2219
117 1094
2739 7627
8773 8897
626 1636
6137 7596
7604 2389
3315 4714
1106 5044
4557 4257
7385 7320
1785 6991
3714 9093
6210 6683
2501 7145
6343 861
7753 8999
4569 4497
3487 5426
355 248
5568 1548
8249 4304
420 2271
1860 2981
1029 9212
3757 3127
5363 5923
2840 8094
8714 274
5108 9563
608 1425
880 2529
5043 3901
304 9876
8690 5939
1535 2161
1195 5072
3607 110
9445 6231
511 4995
2431 8466
4676 377
985 4316
5292 6546
8129 3279
2871 698
1553 4841
2742 9532
4838 8517
9041 9640
2085 2311
6163 7443
41 24
1417 1119
7952 8803
6619 1357
7862 7806
7738 9536
3554 8317
2651 7236
2720 6787
8258 6463
559 7147
7026 6470
4300 1255
3300 6739
3006 7494
4647 3062
3859 2107
9991 2282
7579 492
8561 2362
1860 120
6933 211
5205 6940
6685 1979
8000 6296
4670 4850
2913 2365
9852 9336
2572 9482
9618 4672
6390 408
8418 5683
8082 2146
586 6328
8335 3305
2968 3538
9872 6183
9200 2554
908 9010
8491 9519
7623 2420
5682 6092
2273 488
6667 2121
9709 4615
2563 244
7237 8708
7165 1665
5660 549
3562 2063
1988 3524
5801 6270
2098 6356
6113 2798
5694 3783
1885 8297
9999 3663
3975 2035
2358 8548
2872 1905
521 5958
718 6345
3380 1556
4367 5992
7691 3916
2222 3305
4211 627
2972 7172
5185 6119
6656 2182
2963 7555
7242 3680
9982 883
2404 6770
2488 6777
3194 9305
6263 7935
700 870
3785 6846
4529 8881
22 126
6207 5486
738 5599
9720 4255
7767 6072
4454 794
6179 2590
427 5196
1646 55
4002 8766
2047 4143
618 8023
4639 90
372 7795
