5093 3364
8735 7400
2562 2000
1348 5569
6746 2763
3526 5868
8115 8294
5782 2041
4459 2387
991 147
546 8295
7582 548
710 803
1267 2747
4606 5171
3543 5901
827 6583
5584 4233
4763 3824
1460 7409
4352 829
3595 6774
529 4726
5031 7988
9424 9112
7560 3262
2044 7795
7339 3738
7863 8352
7875 1824
2522 3976
1179 1247
7752 6945
2683 6977
7569 7753
729 2592
9480 904
3281 185
8583 321
9000 5296
2672 6649
1310 1972
6423 1980
1538 3828
8735 8732
2970 50
1314 5643
3763 2215
1510 5723
2710 4711
7468 5283
7324 6502
1402 2293
2867 6220
107 8702
3937 4485
837 526
7240 8396
9356 8633
7163 1897
9973 189
5536 5896
4381 932
1670 6940
1419 1004
1289 7059
8244 2182
3204 1452
4142 9420
4502 5543
8534 534
8809 3004
6998 4159
3294 2430
1041 3203
1149 4257
209 555
6428 2218
5187 9341
3533 2182
9857 1534
5917 6958
7585 4649
6890 9449
5403 9061
3285 4898
129 9681
9144 5227
3450 8851
2058 1747
8352 3714
2528 3076
1755 8320
6678 4112
2796 172
9007 9933
1807 5639
1498 5118
7707 8694
4085 3893
4875 3111
6182 6038
6754 9815
1495 5229
7243 8259
7986 8402
4383 8622
286 5755
6139 4322
9192 5523
1872 395
8773 810
2540 2304
343 8334
9194 3523
5358 648
8694 4123
4801 6793
339 2272
670 8471
800 8391
8478 3923
1672 5118
9964 3853
6873 1755
7047 938
1607 1248
1766 3429
1010 7329
3868 9475
2694 9849
3997 9739
2210 1466
8159 1078
8411 5427
5268 5651
6833 3143
39 1455
7281 204
901 5859
8381 4465
7966 8158
7866 1011
3483 2260
2616 9938
9203 3655
1687 7120
7081 8117
4456 2393
9912 578
8561 9161
9378 8856
1734 8763
6580 1916
1108 8542
7919 2723
2607 3117
1539 2757
5503 5630
7676 9777
1974 8938
2577 4833
789 6287
2715 2431
4752 2051
3891 4759
9519 6554
6415 7103
1111 9386
4959 9541
1416 4605
9634 4024
2407 1798
302 6393
3279 5320
9120 7075
5684 5491
7633 281
1913 7040
7258 3487
7794 7935
8569 7468
4540 2190
2516 9103
4252 8733
5597 9103
6533 3297
5687 1799
2622 1414
8664 1266
2787 4568
8080 7715
6794 4179
5417 7816
7033 7801
863 1791
3031 7124
1521 2026
5248 4925
3144 496
7965 1181
7400 8692
387 6561
1206 5018
7306 755
5673 2886
145 3831
6915 9415
4800 6403
1617 3029
9263 1267
1937 4775
9125 7355
3268 3368
8867 9582
3716 3850
9970 687
5608 2475
6970 5079
3414 6808
6965 3734
552 79
8147 9533
706 6825
1183 8683
9330 360
9009 566
5449 6797
8422 1484
1738 4206
7149 6955
1744 1430
2739 1870
5637 6861
8642 2729
9488 2761
4085 9383
1630 9445
1343 2369
5556 4289
3869 5426
3524 2026
2281 8633
1855 9147
784 1951
3962 7796
5750 7642
227 4123
6889 3393
309 2641
7827 432
3163 2630
2068 1854
2946 6430
2655 4541
1362 309
3 6162
2110 3554
686 1606
2634 7273
1453 4620
9916 3475
4854 2676
3190 8049
6090 2879
4323 79
9781 7844
9200 326
1832 4882
4877 1492
602 4215
1812 8624
410 2769
2105 3784
8663 7123
3058 1853
5956 9402
8681 1122
8550 4593
2912 6257
9391 2001
2549 6591
5361 589
614 4993
5211 5629
742 1166
1000 8296
545 6055
3432 2248
700 4869
718 1561
9424 9425
3500 6867
9513 3930
2684 200
1002 5954
593 319
1732 9066
5485 5794
4214 1631
8788 8069
5734 2533
800 7960
8833 196
1095 3951
6960 6735
6954 8336
6284 4524
9743 2701
9075 2865
1473 2274
1787 4044
9943 9745
8791 471
2210 2092
2296 3241
59 4067
2453 8752
7020 351
2365 4493
9101 654
2892 5393
3075 5760
9213 311
2324 2177
5904 7745
7502 5096
3388 8824
9672 2847
9750 7086
2121 4084
9251 4215
4040 607
8138 759
3971 1349
6157 397
7908 6412
6841 4624
2081 7488
7580 7945
5331 6758
5944 6162
649 6144
7717 3821
2926 4544
6347 5736
7400 640
6655 8639
6659 9792
7438 5570
9869 1105
6248 745
7187 1475
2863 9830
8108 4842
1777 1674
2068 6422
2545 9018
3628 2706
2173 6723
3136 9341
9420 2092
8601 6600
5414 1995
8596 3312
2408 7978
226 5740
6935 5307
290 5673
4117 5882
2588 8948
4915 3746
2287 103
934 7763
7518 8040
7949 9379
9109 9630
4449 1298
3571 8310
7453 7762
1443 9045
6977 6086
3387 2878
6306 778
9784 6727
1172 9269
5321 8599
4970 7802
7724 3554
9277 7157
694 8601
7260 3332
7175 8459
9859 115
1293 8080
2959 8044
8776 3384
5248 1311
3294 8879
704 783
2991 9172
4771 4253
3403 5163
9872 9945
6563 415
7615 8038
5438 652
6115 9822
7341 2924
3177 8614
2513 5263
3138 1874
8923 4449
3198 1148
2260 1607
265 1409
5374 3738
4763 8412
5067 439
1338 440
6205 3910
7859 9024
3021 890
3241 1481
8831 776
2109 1875
1878 5179
222 3515
5588 1640
4210 5333
1589 4893
614 136
2685 5199
1171 5402
3071 501
4882 942
496 687
4866 9274
1387 5819
6695 638
2853 7656
8996 3826
1332 9116
236 3088
5532 2244
1846 5218
4794 4075
6703 4140
6052 1756
1428 1117
4081 155
4272 3875
2501 4209
5363 6797
240 2374
2788 2084
7064 8789
824 6172
3955 2634
7460 8711
889 6974
8767 2700
1609 5991
8971 7526
4124 8425
2070 5839
9287 178
1532 7519
7269 8597
6255 1840
3188 8997
6089 9236
2798 1748
1985 1160
4587 7260
7197 7130
1317 590
7815 4682
8444 6218
6115 8557
1995 878
2576 4856
5483 1154
8013 9851
758 4787
781 9035
3903 1166
7726 7972
8912 4768
1511 2655
1972 1564
3008 7553
7382 2972
6470 2452
3465 9067
3391 7962
3978 4371
7066 3998
7827 8563
7787 5774
6450 9907
662 5254
3353 4794
1546 1102
2406 8432
8608 6760
2150 7312
7780 3346
7174 192
9619 4003
1514 356
4309 627
833 7583
1534 5179
8777 460
1487 2656
8735 5133
6722 6218
3642 65
726 2826
569 8443
1591 5659
6761 5009
7122 343
2459 6834
4023 7245
9190 9099
6176 8370
2537 3244
4913 3623
3620 8102
2465 2025
6759 9528
4424 2654
9706 3131
1161 5342
6063 5626
8946 4848
277 9430
433 3000
8687 3673
6618 6797
1461 4121
1782 2703
5512 4736
5246 2328
1547 4249
6168 4034
577 45
6641 4138
3778 9952
844 9476
9074 389
3802 7600
5539 1321
906 1003
6057 3838
1747 6120
6126 214
480 6528
8168 564
7979 376
744 397
765 2371
4997 8756
3652 8023
9224 1383
7718 5748
6232 6564
9462 6034
7145 2928
4453 5434
3985 2809
90 4760
3819 5370
7109 7983
8128 1583
8736 4622
530 2314
983 3810
1274 1781
3146 508
3941 8089
6288 1604
619 4799
5566 46
6369 772
9081 7068
5567 3954
808 7268
3539 4621
3070 6596
3927 1003
2246 771
5825 6200
4271 7593
9882 6968
4682 34
2498 9470
2082 1422
66 6397
236 2845
9009 9037
2750 6378
3115 225
2165 4277
1582 1734
8018 1589
1623 5454
6181 9534
1613 5294
172 2655
7740 677
2461 3887
5685 894
6115 6506
7780 5015
5158 8182
6467 1715
5518 7995
3693 2461
7064 6962
7076 9214
2634 6348
951 5617
84 471
5710 1573
8183 2093
984 2691
6395 9901
3736 2000
8731 622
27 3893
7732 3121
8509 1534
7391 711
5277 6623
8586 9811
7518 8301
5853 6720
863 5596
907 8150
1533 5749
7128 8697
2198 683
9963 1987
1410 8398
5764 3396
3982 2463
7231 8039
9433 9957
4937 8550
5059 6559
1682 7856
466 8971
404 2714
9526 9079
244 5988
2560 7270
1318 3886
1487 3605
9589 6298
1835 4430
4067 2451
3269 1437
4798 3855
1902 1649
8517 6929
2215 165
4249 2210
9081 5472
5575 8497
1558 2105
7092 7944
7872 7087
1626 9841
4329 2137
6339 601
2666 8713
4291 9572
6264 486
4523 7569
4180 1082
1210 5423
5137 4297
519 1760
9355 5251
7837 701
791 6908
5094 2986
2149 2122
4411 7372
3725 8238
5914 3208
5465 5831
2570 701
5023 7795
5131 1189
7363 3160
5425 1608
5898 9858
4899 8706
7345 2798
8526 118
3039 4230
2528 4467
136 6333
7058 1446
9124 1758
4197 2976
9087 1872
4368 1481
818 509
7224 5572
9842 2595
1826 8917
5784 2874
1973 1329
7473 8567
1700 4469
5031 3776
618 746
4943 4113
742 5031
3652 5967
8938 6535
7988 1659
638 4477
6905 5353
1578 9349
8379 7298
6564 3245
8069 23
5431 2916
6997 8983
2437 3937
1015 2066
4157 727
4212 9662
432 9720
7959 5418
5297 2136
2224 1522
588 9187
221 1410
841 7233
5334 3918
5120 184
2471 338
9134 5603
3235 7509
2377 7331
6151 3507
6417 9395
6717 4844
3816 6800
835 8087
307 3032
9147 6523
2753 2034
9684 111
5067 1711
361 607
1229 6719
7928 7970
1589 9303
9109 811
5881 5921
352 4861
9773 2277
1300 1330
5141 4487
8594 1533
3944 8561
4478 7695
5622 6370
7895 9079
7259 1351
4253 7021
1348 2297
9822 3889
8705 7
370 9823
9404 7909
1672 8006
4010 8213
2400 9529
6911 7926
1226 6742
823 5834
6767 341
9778 5244
9439 9987
3983 5265
2330 8784
9564 7758
2755 8021
1037 1483
5602 4218
9355 5655
1225 9943
3551 9356
4521 3050
8192 9188
7941 8744
1896 8043
7399 1271
8526 3095
882 2395
4752 3110
1049 5791
1614 6407
3310 1575
1007 812
1756 9636
8702 6749
8265 2792
2997 2865
535 9770
765 41
4394 3228
9365 1693
7823 491
1729 2363
9706 8215
9253 621
6928 1140
866 5707
8983 1951
3983 3920
314 5989
1436 4641
1266 6561
6051 7516
3377 6308
2977 6413
993 8234
1764 8295
621 2282
7508 8577
5374 15
742 4078
9320 7733
3407 2818
2022 597
9974 6210
3891 1925
7038 8011
7914 8073
2130 9861
1585 783
4194 3929
9058 9690
2269 977
5674 9660
2239 2496
9333 9946
957 306
410 6139
6350 1828
1122 9617
8092 7463
5167 2059
7083 9697
651 7578
4218 9765
991 50
2040 2372
1893 3107
4233 644
8463 4377
8857 7344
3945 5281
735 6672
748 6734
7830 8218
6965 6234
3160 2473
2422 8048
332 9469
60 2138
1010 4867
5793 9702
2396 1223
9250 1887
5647 8743
4531 6921
5786 9434
6321 1180
8327 9392
952 3093
7008 2699
8375 25
1875 2111
4001 4748
7640 6790
4245 6706
3075 1656
8560 1299
470 6889
5633 7316
4681 34
557 2051
8012 5844
21 5155
9387 2459
1701 298
9603 144
4462 8455
2805 5025
3846 8519
5352 5285
2222 4121
8388 1626
6388 6209
6957 9938
6458 267
5836 2590
7751 497
6004 2281
2285 9838
1443 408
2043 4931
4056 2352
8019 8569
4692 8712
8734 4457
3604 1041
4991 9577
2334 660
1973 3464
3577 3402
9125 6731
9330 5026
5688 4489
6797 6910
641 212
2200 1087
1089 9545
2598 2515
8286 2538
3691 2907
1041 1929
8019 6002
5536 7848
9400 1339
6380 4671
3076 4474
7483 7822
1715 2038
9544 2227
2909 9293
7993 9150
6770 1192
9089 964
1254 4593
3720 5953
7824 1731
440 3504
782 2880
7753 9904
7019 7865
7967 9103
9219 7273
7362 2538
8022 3330
1791 6185
652 1453
1997 1877
6600 9660
5282 4747
4304 8403
1991 8453
2524 8774
505 8791
5100 5780
290 7991
4495 4981
3464 304
9569 2847
1043 9465
6852 7455
501 4802
4595 2343
2293 4270
1619 4274
8348 2424
7051 688
2756 335
630 2014
6574 7827
9670 197
8243 549
4075 7975
9661 6090
9940 1941
7255 7841
9749 3508
2114 789
5866 2305
