9952 917
7017 4983
4009 607
2668 1434
4511 5332
6891 8914
9611 3015
3630 5445
3577 1779
4259 5613
9709 8465
9966 7548
6434 9116
560 558
5107 6691
7115 1343
7614 5790
2340 9693
7381 901
6730 3118
6199 78
8215 2389
2767 2725
8453 3137
2603 2496
6082 3190
1840 404
9175 7392
75 4866
9349 6357
3291 7014
241 6459
9053 9218
8498 4107
2872 8998
7672 4372
5163 7811
8271 9346
2596 1504
7556 2896
2387 236
2968 1035
1261 2341
1699 9673
7557 8857
3515 1723
3992 3818
6740 1311
647 263
3722 7257
5419 1050
1389 1858
9604 6588
8316 2513
8034 1359
7574 7482
2216 237
9084 2068
174 333
8635 7600
8070 6167
3865 9654
5329 7096
6526 7122
755 8647
3653 3183
7252 3016
3106 9170
6936 9585
1478 7931
9154 268
1697 1047
3988 5629
8775 2522
9146 9172
1031 2379
7256 8068
5848 9232
6560 1109
532 3740
5881 5368
3034 4774
8972 5754
3534 6828
1025 7866
5524 4951
1626 6013
8605 208
7118 1890
5489 868
8809 2386
6494 6612
2737 5418
5087 7312
1468 6092
3489 9013
2817 387
2322 9925
4012 2694
7178 2278
486 4846
1167 3469
5652 6811
3539 204
7470 2388
2849 9962
5395 9470
9193 9826
5819 1424
9079 9599
4973 6548
5611 6646
6499 3247
8308 5380
1402 469
4030 2666
4846 1831
2686 9462
5334 7918
7227 4276
124 77
4656 4900
2432 6962
3247 4014
9789 2717
2728 6804
2059 180
8138 5574
6615 3078
729 2892
240 1678
6177 6527
8387 6939
2842 3913
6538 5022
6956 4287
1072 8563
1045 2395
7352 4596
4873 2559
7150 2746
2809 5719
542 8965
1639 8894
2069 9662
1193 3060
9685 1499
2892 2094
9068 1715
3498 6654
1798 3619
2735 4565
9362 3808
7865 6934
2115 6381
238 8541
1320 7311
1811 6448
1070 3615
3866 9397
2677 5136
1483 7028
2800 3
5542 62
4065 7287
3927 5294
2644 2404
3899 3598
9418 1354
7299 782
7049 2293
4839 1969
6002 8404
5789 9640
5428 3578
202 1267
8543 9524
2487 6484
4411 7069
984 2519
2538 2671
809 3520
7275 8810
8041 9571
7648 2938
7244 2281
2547 1043
9660 2546
5812 2064
9280 6486
7158 2574
447 3920
5147 2434
806 3661
3245 8546
7097 1249
7327 6466
2695 5564
8419 7309
1009 2059
