4478 8573
1404 4442
1388 1253
4379 7033
6644 2801
7067 9307
4119 6461
3673 2604
8337 1734
8397 3220
9483 1518
3023 6282
2210 6178
2205 375
583 5786
4667 9949
4072 3264
4042 3912
3536 1365
8636 1731
1483 8976
5527 2861
7884 328
9368 2333
4738 3477
234 7876
3256 5826
9174 1859
2588 133
285 205
115 4737
6885 942
5883 7340
4896 7307
4160 9117
2899 8076
5315 825
2389 3416
1880 4894
8791 16
2191 5807
5235 1022
5910 7041
3319 3903
7133 1957
6420 8559
474 7544
226 5412
6269 2679
983 702
4934 3847
2440 1213
8134 9331
2270 6387
4660 9927
6989 1467
8049 3165
8273 1771
5533 790
8474 486
5980 7740
3929 6437
5779 5573
6635 4023
808 6282
3958 3478
5897 233
786 5980
9147 2296
4426 6662
7606 9467
2803 3896
3342 5111
3324 2545
5814 9736
8678 449
7408 6992
773 6456
216 2769
9080 8832
8754 269
1190 1101
7153 3388
8026 1380
6777 2638
9984 3514
7703 9057
560 1439
8320 9093
7307 3546
3271 4206
1763 5719
7219 1578
4016 6239
5264 6276
8784 3286
8581 9112
9151 6810
8870 7159
4199 3338
5898 8398
249 3990
2000 210
1149 694
5214 9374
1783 1054
26 4337
6586 6224
2124 5714
3665 9490
3539 4741
7996 8833
3511 7938
1720 9926
9584 2436
1442 7480
597 8271
1165 2914
375 8710
3713 6887
7167 876
183 4659
5493 6233
7491 3284
3587 4271
7137 457
7721 2782
2755 5546
7682 1461
4649 4776
7895 3305
7378 6357
6946 7771
6083 1191
1078 773
5654 7705
4845 3637
1652 4499
226 4734
8149 7916
9520 1707
3719 6701
6090 9285
126 8727
9981 9511
6635 4536
771 5359
3424 6682
4697 7528
2995 5804
9651 5191
929 533
2591 50
6133 4022
4839 8951
2185 8063
4283 4828
7340 6325
6990 1875
8196 9539
208 9809
8246 2926
5244 5694
6484 4862
2818 1599
7302 1513
8 1187
8988 4146
1197 4859
2051 4450
2782 1198
8086 3062
1452 3867
9335 746
4366 6912
7774 9907
147 6890
4689 6979
1178 142
21 4233
9494 5320
6276 855
6124 9490
5839 9784
6207 6232
2470 3089
334 5289
1525 247
3819 5872
1217 4690
4992 9491
4532 4849
6334 1484
4117 4270
1270 503
8524 5059
4891 219
7364 7981
4807 2332
2978 79
4077 6384
9557 554
9375 2081
270 8348
3393 5779
6370 663
1245 6214
1325 148
6217 1133
1017 151
6582 5616
1968 4533
90 7408
2655 2051
4001 681
5691 128
6015 956
5656 8006
4617 94
4808 253
1396 875
49 2785
5566 5183
5874 213
3692 8502
5590 4359
5475 4754
4122 6774
924 3118
8876 8306
3409 4241
293 6418
6909 2404
521 7148
3604 7655
2187 1313
9965 1873
5990 4646
3225 471
3082 6378
175 4143
1604 3333
1910 6998
2545 5598
9671 1470
164 2528
6641 1451
4118 670
863 3840
5773 2996
6712 6294
7713 8272
8757 7997
8730 1456
632 4886
7182 2446
5226 960
4074 665
5445 4625
5822 6214
5060 632
8062 3815
1833 7793
5526 8763
6733 3496
3215 6647
7149 1809
4943 3106
3874 199
8517 8967
5953 5508
661 6374
5925 4209
8817 9420
5706 1422
5257 9061
7804 500
5987 1807
8255 9177
8367 5201
4288 6420
2053 4203
6491 3201
4000 1952
7870 711
238 705
1262 5384
2568 3052
3033 2569
128 4277
684 7139
1481 5971
2294 9482
4763 9455
5244 3020
8582 5256
2510 3851
7831 618
6378 9278
6025 9568
9744 7957
3422 6280
5926 1836
9135 4295
3756 1538
8639 7692
2898 8570
6150 5705
441 2177
5389 3023
4968 1009
2070 2825
5136 1078
1806 5852
8514 6512
4885 1485
479 4408
2237 5843
4912 2614
4225 1615
56 8962
7928 2666
1542 5705
6410 9486
2303 2
738 6551
2427 3570
1284 1499
4047 4045
4338 1480
204 3950
3770 1852
3045 3193
5490 5627
3254 8047
8886 7917
339 8882
3441 8278
4799 2809
426 9930
9919 2261
8321 160
8222 7093
6939 1798
8642 3816
1498 1318
9886 8306
6896 4519
8553 2560
7701 9639
7119 8895
6263 1336
3927 6617
802 4152
7525 2882
5697 6581
4545 6146
3059 49
5783 6708
6305 1171
4768 1038
2926 8030
7761 3330
1200 261
5635 3109
4191 5199
9971 7421
9452 1400
7659 913
1972 3224
6336 2123
2437 4216
9421 8433
7279 1890
1376 4581
2142 6761
1955 7017
3976 7593
2398 1511
2946 6783
6603 560
1528 172
8106 4627
3644 7334
4822 5632
7391 6207
8984 9309
4654 6234
8699 3786
7950 8508
6863 8848
8235 4336
1714 5407
9102 990
7964 1304
3885 8716
2985 8520
9847 1268
3420 5783
3984 2520
2386 1455
3834 2660
3285 8113
4613 5732
8515 6452
9448 2198
1406 847
2160 432
7540 2217
2936 5285
8690 5439
2330 7620
8293 7414
2229 7441
3409 2130
7712 2809
4838 2486
1021 2688
2655 2013
1138 5501
6989 4104
788 6872
5300 1720
9748 7442
6611 1343
4751 3622
1642 5378
4848 4751
9719 8322
3625 6491
5634 3644
2019 8206
4810 2413
546 1402
575 3225
8540 2493
5921 1230
5627 4219
8904 8581
624 7453
2550 1801
1227 4154
5019 8555
3496 5526
3671 212
1932 9529
3253 4572
6193 2881
2454 2811
5870 2762
1659 2703
4923 3356
9095 206
5028 9238
5412 7276
2667 5018
965 2190
915 3881
1548 6672
9658 5056
1310 8868
1382 2675
9491 2364
9475 3465
8834 4842
8940 4040
2284 4597
9417 8899
1208 1295
4695 7473
847 9622
2014 8848
9448 8999
5311 4809
6791 169
2973 5382
9170 729
9150 3665
3173 1506
7665 751
6998 7552
2498 3053
2731 101
9403 9625
7242 1579
510 548
6833 7242
6897 9047
6504 9372
2248 564
211 5456
1337 9934
6844 1821
4284 5244
8721 9687
354 2457
9210 7878
7768 8160
574 1909
8828 198
326 8792
223 5096
7826 9426
2731 951
5387 1733
2502 7009
3032 3211
3672 146
2069 8822
3242 3467
625 8867
9855 8769
4182 2340
5079 8265
6223 8685
4354 7747
5573 3023
8994 6596
1114 5268
7028 4057
266 3466
1489 8857
7614 2852
5455 3306
7331 7997
2653 7702
6203 6974
575 8495
9843 5345
2167 1121
1220 2295
9205 791
77 2248
6624 1073
6817 9833
21 7556
2829 8771
2032 1362
6382 9761
7657 1932
6032 729
8256 3398
3913 3439
4107 2906
6103 3655
1407 9487
1639 9946
398 314
4616 6794
321 7862
655 4153
5734 9264
8445 4199
8827 7558
4590 6363
2268 2706
1859 1828
3192 1010
3970 9200
6907 202
3787 1916
5352 2203
4687 973
4901 8693
9181 9343
9164 1307
1181 3532
1982 4998
8928 9727
3979 2093
3095 5513
7840 9235
1107 4612
784 4306
493 3927
8150 5511
8472 4361
8425 1421
2100 57
4545 767
2979 461
7946 136
4241 4777
4838 1965
8080 2147
7000 4622
5585 7109
5646 2056
5898 1362
8990 8670
2132 3261
8037 890
9412 3110
2459 7070
6749 9542
1115 8304
7204 3069
5026 5318
2356 5130
1398 7069
6147 3371
4809 5345
8581 9781
3517 4168
3727 3942
4874 6191
8670 7113
559 2554
617 8171
3926 5158
1572 6044
2954 4465
3959 743
4477 3900
7039 4405
9781 1375
5363 5966
3430 6078
1433 8130
311 4427
4074 6568
8446 6108
7187 1365
7964 9183
9774 6367
6705 2235
2336 450
6663 4872
100 1107
2242 3474
3704 83
9131 2874
1639 4854
1833 8110
9095 8260
369 2458
8403 1344
7119 9902
3131 6167
9062 3617
1018 7948
2084 8167
409 6850
2634 2080
6163 7976
8906 4945
7833 6684
6849 2022
102 4537
3624 7112
9349 5011
4597 3739
1858 2725
7415 5132
2014 409
2611 8393
6007 9976
5992 593
2759 834
9514 5566
7436 1984
2461 2528
4968 7463
9663 668
7866 176
7051 996
45 263
4923 6217
1567 3056
8798 9902
7716 6177
2235 7439
1772 172
6229 8769
883 6731
6975 8972
119 1649
1074 983
9023 1646
4252 355
8490 6515
5003 9290
7398 791
1531 4761
1106 7033
9836 5628
8646 2600
1511 9913
5633 8607
3538 4192
179 3140
8482 5633
5164 7844
9249 8383
3973 2727
9393 2323
1982 1722
7775 3763
7687 1484
5627 3941
3267 1704
2040 9807
1578 4773
575 3601
5822 7707
536 7205
576 1863
2987 5813
7204 9328
7203 3342
9394 171
1045 9204
7566 8012
305 5031
2794 9358
9446 6948
59 7541
6026 2174
1657 2066
7818 1518
5323 550
1710 5929
3139 1739
8769 9473
2853 7215
4256 7791
7694 7714
2801 3327
6450 8258
7702 7020
7430 1237
9010 4974
7168 9064
2587 4081
1324 7045
2656 841
8032 7033
29 1794
8994 2039
4061 7964
7944 7735
9904 4199
4113 2292
2669 9483
3522 453
6952 8668
9139 2681
5832 7836
5035 1448
9923 4657
5849 6551
8299 136
9829 476
2029 9546
2102 1844
1958 2335
9222 5010
5513 1120
9491 7880
3520 1089
8422 4938
2447 4990
8297 5217
751 7813
549 2222
8105 6341
8874 6160
3440 5973
8579 1015
1653 7241
9256 666
9973 6096
949 9974
5398 7649
1964 1655
946 6791
8935 7180
3219 9851
8112 7414
4559 1345
9812 6802
4614 2117
1333 184
6106 3544
5824 6674
8557 3477
79 2288
482 4153
1071 6987
205 659
3572 5066
1564 1096
363 7762
5706 6585
160 5504
7378 4569
2610 188
1569 1050
2532 1670
9807 504
