1000 5895
2593 4851
5148 7665
2403 4008
4525 101
4728 7101
4945 3423
4437 1445
1696 5832
2193 6262
474 7974
8990 4030
5557 1918
4378 2884
713 9291
2320 2913
5040 2355
4389 7070
296 5880
4656 6959
3819 6108
4937 5905
3393 5561
2598 7248
9860 6128
1089 1356
6164 9825
2222 7757
9068 8410
9260 2500
7765 8659
7977 3140
7497 2601
475 3313
3755 9705
6749 2520
7653 1392
8630 319
1906 209
1104 8846
3357 7174
7480 6879
3354 7130
4321 8113
3619 2391
7710 2419
8742 2828
8432 3519
9085 8225
4268 8757
2029 7821
9761 730
8564 6536
2248 7520
988 6365
1773 6840
7509 9506
717 3589
4114 2939
1568 2755
9971 5307
4025 9016
1635 4317
8780 345
4195 3171
6592 817
1686 412
9637 4093
5534 4475
9639 4155
583 70
1283 4293
1315 476
329 6632
7814 4570
5731 6266
8098 7120
1605 7515
1734 7151
7910 683
1970 6502
8446 5757
431 9166
2272 6506
2300 6034
3754 5721
2396 3331
3498 1197
8526 859
3251 3391
6653 5312
7905 1854
4426 6748
1257 917
5462 8554
1269 220
2468 5171
7167 385
7726 1739
123 8792
3511 7157
3257 1024
3729 9662
8843 1705
1040 1016
1060 7331
1199 7189
9138 3496
129 4392
1198 1069
3771 5558
1490 1572
496 5714
8570 7590
6940 1754
3901 7007
5798 6140
3149 3882
7487 1309
1534 2432
1040 9195
2740 2459
2084 3729
9808 1023
4529 9211
1516 7595
5981 1163
8836 7052
78 5323
4808 2499
1506 2644
879 3064
2240 6399
4142 9727
6639 6489
1274 1386
1622 5996
6378 8863
5540 7196
1312 6731
7233 1647
9706 7895
7012 1569
756 8667
6150 774
5440 4624
454 1041
3817 6874
671 9237
3283 8997
5287 7690
4327 6271
634 9907
5775 7175
631 4125
7773 9845
8760 2794
3440 8218
6312 15
1257 2585
8400 3963
2971 8486
7346 2313
9266 6973
4298 5543
565 8214
9297 8904
2447 4488
4068 6231
6602 5804
3717 1485
2637 6516
8848 1637
2263 2587
1 1246
8140 9134
2964 7441
6241 9148
9644 6100
9266 1594
2152 1325
620 1674
8436 91
1175 7596
5436 3697
6404 9237
5062 6052
376 7056
3680 6744
359 3875
3191 3206
1925 1107
7962 577
4265 522
4878 8009
2419 1432
3107 6015
9951 2519
2535 9946
4314 4084
4698 3385
2900 8043
2226 5034
8183 1474
6960 4571
2087 2728
7666 5343
2459 991
2426 627
3467 1529
639 5153
8346 8575
1858 325
2470 1671
8724 8670
2222 2134
8262 1495
1219 5028
5601 2679
2577 9472
536 3926
6448 4804
6970 8609
7847 7131
140 2735
7680 9935
5655 612
2162 2039
1245 8390
2266 593
8034 7967
747 4093
4521 1043
1129 4619
1180 9202
8336 4916
8240 8736
7082 2911
8552 2691
4448 3101
1337 1628
7072 1287
414 7274
1073 3305
556 9467
8067 9598
6025 8277
2298 1998
2777 1236
1501 9013
553 6325
1257 8598
5888 8050
2268 2096
7154 6014
2415 2175
5463 7156
291 1670
2075 2923
6703 2476
6600 2397
472 1237
9393 3240
2003 2051
2623 868
2455 956
2610 1734
2631 8237
2976 6036
462 7951
354 8506
2923 1785
5647 9821
5087 6022
9560 7918
8309 4889
9863 3905
7490 2446
9362 9071
1549 2915
9028 3849
2144 2039
7373 158
5839 1249
8216 1982
1993 4916
4094 8831
5405 753
2538 6944
3855 7054
157 5821
5099 38
7282 3074
4536 9633
1060 9651
3649 4646
7246 6444
7200 8862
9396 6756
4220 1978
2305 7528
4597 7976
1616 7157
3085 369
7694 3733
9161 791
2288 8926
72 7117
5009 9639
4435 823
4143 3132
2038 6997
679 2804
6126 1337
1597 3730
436 8929
6849 2201
3417 2657
4526 9619
7442 4385
1893 6051
5445 1031
602 6570
20 3942
1181 151
1883 4583
3867 1938
8709 9415
7478 9435
2067 8225
2498 9246
2639 301
3745 5114
8238 5034
4498 3859
3748 5175
662 1044
7325 3192
9187 8520
7225 6327
380 1819
1751 7258
3856 8925
6677 2740
5010 727
8343 526
3450 209
6 8454
266 8803
3483 4488
1571 9019
8300 7581
7672 4814
4054 4930
9427 8818
525 1482
3640 4203
3551 1270
7799 3988
5519 276
4325 657
145 854
3101 563
1041 8213
1202 2620
985 9253
313 212
2882 7834
4117 282
9531 2748
3 3006
7016 3543
1207 9215
8668 9589
6678 2993
7531 9488
8454 3857
7305 4067
8467 1916
1431 8561
7795 3805
9983 7032
9196 6821
8606 4631
7636 2720
2289 3694
6265 2598
4819 6340
5315 9423
8662 8495
8151 3306
1568 7535
6877 4543
2600 6636
2164 8452
6193 2642
7732 1949
4358 9914
3988 4200
2070 827
6781 824
8275 5360
8095 607
3077 635
1875 4210
9732 4810
8864 1032
4742 8506
8290 4819
5142 2810
6872 2018
1366 8833
7916 4534
9862 2226
3289 6435
8133 1742
392 105
839 5883
5435 8788
1959 1348
8782 3617
5487 1440
2139 1011
7959 7880
605 1908
9754 147
5335 4271
4015 1365
1701 1390
5190 9912
4067 4655
977 4088
8221 3965
741 2246
2135 396
2657 5861
382 2804
4175 9065
3054 2354
376 6369
950 5388
365 6754
4201 67
9459 5238
7190 7470
911 3924
586 420
274 4274
9236 922
614 9209
9338 190
7386 2952
7466 6515
1451 1675
595 143
2180 8845
133 7185
1078 4044
1878 8534
4043 1308
3399 5613
5000 8527
5478 9562
9490 2867
1621 4617
7730 2076
1019 3364
9387 1092
5578 150
2075 6576
1041 5424
7345 4341
3714 2651
5102 3979
7910 2000
7903 128
4096 8245
74 4064
1440 6649
4806 2900
2777 1042
9536 2232
6756 4916
155 5682
1174 5924
9288 1615
736 9054
5335 1584
934 1188
1357 4598
1906 9832
9430 7481
9497 5676
6156 1423
6766 7752
4504 1563
9318 8540
8121 1604
8956 3047
7747 1817
5462 2247
2666 7953
9928 9553
4943 1767
3015 5619
7866 1717
6304 4600
809 2240
730 572
5143 9269
2585 7680
2352 2979
4309 8881
2980 2665
91 2996
5707 1521
6098 1573
9192 61
3393 5248
7681 1936
4862 8351
61 1
1914 5910
9711 4044
1979 3483
1874 2345
5626 9977
374 8193
7263 647
5482 1198
3769 437
1370 5442
7186 4247
491 5723
1507 7669
8852 7141
6132 6913
8016 3585
6838 3802
369 1157
2804 7313
295 1475
9911 9691
9921 5183
2442 3079
7171 9067
894 848
3096 2229
2047 8500
3898 7731
246 2614
7553 1054
159 6721
4744 3757
7550 8126
5270 1539
286 88
7291 9724
7834 5070
5065 1620
5024 2233
4230 3144
5202 7374
271 4689
447 2150
7550 7726
1186 1852
8367 9809
6729 5543
9600 6814
7816 1929
7927 79
2415 2182
6088 1771
4618 6937
3671 2104
4935 4820
4715 6382
1565 199
7764 2558
9675 3667
8063 7891
7663 8655
2439 6472
3145 3498
2109 6827
2542 6994
5643 1360
9169 7397
8390 72
8319 1014
4627 8163
5785 2674
9627 5044
6616 3779
2546 6965
5164 1108
1156 955
2453 5031
9168 1034
7622 1364
9210 9484
6695 9378
3980 4126
2506 3579
9468 7628
2592 5595
612 2718
5933 7209
1838 5939
8121 3001
1534 4269
4328 417
2725 5725
93 7259
6211 7648
4826 9499
2477 2713
5307 1105
9519 4050
5300 6465
7539 6286
8391 9409
9795 3921
4651 498
8859 9185
9449 4259
8211 4990
3801 9890
539 1553
717 2052
5016 161
6940 3384
8126 8827
1778 8471
7102 6499
5173 2446
5459 134
7803 2687
1367 1314
3195 6965
5611 2680
1265 983
7079 6577
9430 175
9774 5567
2830 3163
822 9349
7060 6387
9782 9610
9572 972
8129 3769
6199 1964
723 4876
212 2703
3849 9675
4804 3386
7190 3168
7063 7038
898 3405
742 8111
3013 3744
5001 3078
7126 2917
266 4227
8477 8460
7753 2375
2255 2317
8897 1649
1003 3993
6138 7159
8480 9635
864 4424
562 7935
1477 560
3453 6778
2019 9051
7481 9835
8629 3021
5679 5495
5318 4978
7114 3787
8217 2417
161 8294
3002 4950
3076 4276
7861 8032
293 9827
5815 9864
4570 2047
9201 8420
5088 465
1220 4539
5042 904
713 186
2026 1414
8496 134
8774 2846
5692 642
3551 4780
236 435
6662 3062
1565 3266
2576 4737
6703 6307
996 6648
2229 6228
8866 4088
8289 8471
7735 4559
5551 1571
9966 1927
1456 2472
8409 669
506 1490
5152 1783
8766 4560
584 998
731 7845
5176 9624
3633 9311
3497 3424
920 3862
4412 5274
9618 4327
9472 7257
1342 1841
2628 6916
8910 960
8377 8369
283 6441
5948 9008
440 8901
3843 9276
7205 7185
662 5597
2085 2948
5904 7377
4002 7171
2373 5804
815 9010
1574 462
8045 2700
323 4260
3714 6917
1217 2065
6552 1246
3484 4782
1858 4617
2847 5168
132 3741
3697 3466
7827 252
3922 6818
4731 739
8886 1624
3936 3474
1 1716
2294 1820
8228 5999
709 1249
1335 3958
2599 4858
792 5434
6068 757
8642 6491
9793 5938
8898 9270
7540 1069
662 7836
4731 7886
6647 8373
253 4861
888 3573
9712 3913
1471 1102
1181 2746
5012 5094
5618 4965
4695 8683
5334 7025
1383 8836
3762 3704
208 2137
7118 3136
1109 2598
8458 6203
6607 5852
3022 7132
9476 2968
9827 1354
4507 9928
8404 8089
4239 8763
7327 3527
3042 9177
8369 4405
9700 9411
2449 5703
4292 1964
1675 3774
5958 6584
432 2019
3510 9091
9179 2134
3948 1846
2231 6329
7281 8069
2096 774
7345 4332
584 1240
4704 1260
331 73
5794 4897
4628 2103
4374 7270
8305 956
2242 3050
9077 7630
7589 1748
7645 1301
4361 2693
2117 6988
3528 8046
1195 7721
8369 4482
2771 7536
6810 6205
1133 788
7576 9125
1909 6271
7469 6271
7786 2245
4401 1333
1809 9604
8404 4407
1018 2255
5411 1311
1971 220
2473 1002
8315 5433
4920 2436
7946 582
280 2211
7136 1199
2063 2631
3195 8617
3313 4112
109 5855
2586 1312
7180 477
5466 5650
9419 1133
1969 9580
2650 7184
5435 6081
826 8304
3085 4730
9156 51
4289 8870
8378 5538
9214 335
8526 8283
8204 5632
4481 2356
7750 643
9343 1521
384 7151
8345 3031
3547 7155
610 9474
919 1052
5311 7540
8057 8445
585 1583
4573 1007
6885 8693
5326 4934
5237 382
9459 9831
9328 1898
6556 8599
2512 1047
4718 8582
3579 2629
1530 9772
6836 8488
9525 8914
9266 542
2436 6740
9249 7858
2358 373
6663 5136
2406 6899
1802 1530
2657 2637
2289 8058
309 2227
968 7800
2123 8237
1816 6959
246 943
8982 8827
7340 1291
4939 1526
693 7783
7764 4755
7121 112
2634 4458
1567 8319
8452 9846
1628 9675
4684 1227
4952 3584
128 7564
1743 2414
4506 940
3126 261
3698 6595
4245 2271
1026 2595
3012 8590
3274 9660
441 5833
1701 6909
4097 3521
9323 2187
2300 3496
2585 9687
3838 1876
5470 2091
979 496
4008 9077
3779 7861
1534 9400
5607 103
5439 8207
5915 6722
9595 8691
3844 4535
2752 2319
3155 8449
8616 1378
554 813
5744 9604
2191 3017
5308 1869
1023 2636
7433 9298
3221 4423
5876 3585
3355 8266
2538 7936
6095 282
2303 2241
2650 8450
5586 2873
2078 1287
3361 4513
6062 5265
3129 3963
8178 7302
8017 1657
4090 7609
8343 9115
1571 6707
4635 4232
440 3329
8667 9247
4891 3455
5342 3902
8740 8434
7525 1410
6073 1836
3423 192
2287 5724
5692 1940
9071 36
340 2184
3421 6655
9513 5624
1893 9250
9626 5155
8071 2627
3850 1956
3813 5431
8257 1538
9482 576
4032 3124
525 7671
4266 217
949 9686
8065 3991
9552 2602
4623 146
3279 2407
7399 2112
6356 2668
9963 1675
5711 2120
95 8231
709 1484
7886 8980
499 9587
859 5557
2689 6913
1419 7890
2026 1576
6865 6764
4474 1392
505 2047
1721 7191
441 8685
2840 5351
357 7848
2153 7464
5859 8127
1908 5734
2206 4333
3975 8180
1902 1375
9998 992
6008 789
7588 1049
5154 6490
568 7183
458 7591
6755 3034
1831 7797
5560 1773
8352 2002
6141 4012
8812 6821
74 1772
3722 1669
3120 4922
274 3896
1755 4654
4763 2456
4123 6385
5214 1754
9200 221
8090 2449
1252 8885
138 5329
1677 9717
4324 128
1282 1275
8612 1842
5278 4805
8840 9332
9395 845
9373 6024
4674 8723
4474 2403
5752 8329
8539 9028
4682 2373
4305 2103
3572 7858
4216 6744
7454 4744
7017 3563
5601 8461
5825 8603
537 7820
5730 8866
5291 9445
2440 249
2872 6261
7535 2720
3778 1784
307 9904
431 6044
5607 5231
7564 9992
1066 9860
2100 5724
9703 4075
4753 6171
8541 2107
2434 9878
9231 3318
4318 75
8539 8017
5111 9182
6400 7622
8834 1350
3212 8326
7271 8652
1332 9250
6404 7791
7977 3147
3927 7612
4023 2168
1579 236
2990 5241
6034 5053
3174 10
1012 86
4879 9290
4791 2709
1895 3900
7040 8556
864 6125
3433 9228
3649 3080
8755 2384
379 1894
1422 365
7215 9850
8246 7880
158 6012
5504 1801
8065 2228
3702 2686
650 218
5487 2611
2139 7083
3843 6321
3318 7486
1789 1812
324 7144
4306 130
2922 7581
3249 5561
9352 632
2411 6023
3012 7549
9653 5280
6167 1997
8972 1852
8726 6538
9880 5199
3620 3131
4644 5565
917 1714
5389 6525
6422 7835
2072 4317
7772 2968
1641 7015
7803 9532
8290 8514
5432 5332
233 5036
3648 5613
1661 7415
9498 1873
3594 7329
8426 7812
4170 5833
9383 462
3615 6798
912 5818
8254 6858
8011 4239
78 7391
8302 4764
8354 6129
514 2729
8099 1156
3972 2571
3170 1671
4269 9433
6892 4706
3173 2861
5406 3595
9187 8813
1563 6607
7288 7723
8380 4896
3166 2697
2839 2666
2187 1585
3332 6570
6106 2692
1516 5969
6203 6641
3154 3845
6329 312
9142 808
8381 8752
9592 558
17 3126
6202 7705
7416 8918
1769 2503
7516 6463
9917 1055
856 5683
511 1703
968 6060
6155 8953
9469 325
9526 88
5413 3495
2657 2430
9098 4691
1759 7047
8009 3184
9139 691
3223 9045
462 7911
9023 7081
5944 5158
1311 9785
9900 1391
1380 1562
5097 9063
1266 7632
6757 712
473 7550
7157 4137
8740 4159
731 5856
5747 6660
2160 6709
2236 3710
3058 3513
7630 8447
191 5352
7846 8124
3602 5818
8998 7510
6061 6864
9154 5770
7576 5725
2444 6165
1465 9347
3555 6603
821 3936
568 5274
6150 7448
2049 27
6414 9701
9729 4041
6570 9787
8663 5365
3674 8705
5766 7336
8640 5166
6294 1754
2967 4832
408 916
4582 2019
2624 2977
7365 5167
718 1402
7711 5139
1389 3842
1177 2721
928 766
9170 2698
3721 5978
1499 2395
7308 2360
2601 1160
5908 266
473 1896
3732 8498
147 3889
5089 199
2258 3126
6430 8075
7011 862
3512 2508
6252 1287
515 2344
1183 1626
6884 4868
3951 6161
8465 6253
2353 1510
9589 5792
359 7710
2697 2424
9209 2774
3999 9463
2885 1084
9921 9607
2697 7937
42 9344
1566 1038
8066 7613
5976 4661
9312 6746
1691 8969
523 577
2480 7265
8994 8789
4984 9993
2333 9630
7456 2569
1395 695
421 8169
4317 6500
2522 4069
8203 1944
840 4542
8533 8838
4326 434
7765 6758
3641 3949
3987 3706
6669 1712
8609 8449
6661 6161
5817 9404
7983 9410
5987 9792
4299 4278
7499 6075
6110 6433
2515 1098
3282 1296
1621 2330
1648 3658
9067 4318
2513 9461
1346 7441
8785 4219
8524 5468
7029 558
9381 618
5759 8282
1017 6921
7743 698
1028 9076
1564 6590
330 7407
7427 4955
6248 5059
767 9587
1178 7579
2042 9719
1535 3165
4563 7467
1658 6509
449 1689
1866 8335
8695 7480
8092 988
5000 2877
1215 294
556 5571
2904 1903
1764 4408
7783 9111
843 4024
6586 6197
4221 4173
7169 152
2684 7447
3762 5278
3377 4985
2398 8900
1040 3076
8883 2399
8575 5960
5283 715
7704 8792
6021 7122
9644 9933
8043 6159
2283 6078
6148 5795
4834 9199
5618 7256
932 5159
3422 8677
2220 8342
6555 2081
5521 4455
664 1995
1995 7554
5210 5369
9493 6677
8298 7103
8836 5972
826 8531
1831 8175
6318 3503
688 9795
697 6759
7266 3219
4821 2347
9946 3817
823 2766
8435 7079
3538 424
5349 1123
6651 9945
2589 2963
6717 160
1971 2197
1918 8139
3640 514
8081 719
1311 1731
2670 7755
1518 9252
4975 8968
548 393
9212 9891
1789 1423
441 7070
1444 8132
7246 2483
5528 1929
1095 2267
7170 9670
2477 4783
6502 2143
6326 6508
1096 3862
3784 4460
6465 6961
3732 4419
6274 1214
6640 1351
3928 9572
9909 4516
9649 1436
8315 8911
7022 6703
8545 1977
3577 6385
6721 614
9384 2655
3235 5278
7155 3045
2737 1748
1219 595
3772 6086
395 1889
5549 1860
6140 5856
542 9620
355 3587
8698 4740
4886 5422
4545 8274
8591 2797
9777 8441
3127 6649
6594 6333
4855 295
4672 1305
603 7713
607 87
2744 4952
9290 1248
7120 3450
6540 740
9443 4065
2611 6140
2648 2301
2945 4413
6173 755
3221 7888
8747 341
7018 1553
8893 788
6718 8245
8546 9187
5349 6815
5873 4334
431 1700
4669 6075
4935 2205
9353 3743
7326 8861
173 2100
9352 2388
5770 1802
3381 9235
6363 492
7954 481
6684 9396
2449 4494
6383 897
1942 9862
8893 9192
756 1591
6762 7993
8360 9847
780 1492
5491 6544
269 124
3278 2925
3391 7178
3033 9578
9039 6101
5684 5238
2205 7920
7426 2636
2859 340
7163 7091
1940 7312
4033 7811
8784 9550
9509 8233
8213 4809
7274 7949
383 524
1530 1025
531 9515
1401 2204
4480 3320
2087 2840
7688 5087
8121 2073
1358 5555
3386 5104
639 1709
478 670
7990 6098
6679 669
1627 884
6524 1419
7068 9692
6518 2120
2479 1142
4157 4451
2262 541
1875 5647
6388 9321
8527 8396
2671 9590
284 9235
9942 6792
3987 1138
9045 4603
999 1961
327 6607
9071 3188
9819 5636
6249 8682
5546 6850
1725 4309
9368 9469
2592 915
2585 7671
778 1244
4998 1574
8666 789
4752 6663
3208 8693
1252 9811
3659 1190
3568 258
1660 7374
5541 1373
6027 1918
7069 56
5441 4891
2959 7887
4614 8475
4352 7952
7299 914
5644 9482
9402 878
4838 5125
3237 4543
6860 1474
6989 5100
2703 2579
1324 450
242 8766
9524 9006
5408 6639
4161 8892
2066 4124
3917 5824
8017 1068
8659 7286
2089 3530
3430 3814
7151 4599
5618 1178
7221 6494
611 242
1804 1244
469 1240
2873 4688
3244 4160
4410 6639
422 9666
362 4283
9309 3035
8163 5924
7409 3664
1988 2783
2821 9876
7972 5511
1112 4508
8326 1249
9751 9138
8734 8085
1793 3687
4258 4857
6524 4797
20 2560
438 147
1695 3316
9662 7841
5935 5583
852 167
4870 4080
6942 6386
4605 9676
2461 2799
6344 8195
9696 5810
5149 1860
8903 9625
9862 2772
4298 7068
8133 5531
5178 1160
4552 3951
9448 5021
733 4501
1670 2037
2135 341
7995 3862
9841 3070
6091 6665
2082 5866
6869 3019
8194 3795
7391 3236
5325 8006
8799 4167
1206 1911
2059 5881
2061 4997
1508 8086
212 2367
2830 5168
8126 2263
6547 2633
265 6902
408 1843
989 576
2224 2261
1573 6505
9296 3825
8158 5145
628 2484
2718 4988
480 8142
1991 3037
3208 6515
1356 3028
979 5041
9059 3853
3230 7922
6252 3771
270 4724
1457 9180
7848 3768
4478 5071
3108 8584
6050 7620
5983 9916
4406 6675
752 5823
2286 7967
3054 1293
1102 4492
1983 2256
8559 7967
4276 7531
3666 3205
6979 5750
2677 7383
3125 2043
9891 3196
2066 1521
8560 9407
1129 3095
1798 4115
5173 227
2761 2996
6844 444
2946 7231
8153 2532
4890 2469
5981 2458
4933 7197
6593 8783
7857 5896
5807 4792
1823 2584
3090 7299
2657 7795
2395 157
1445 1380
790 7779
3409 7411
8748 6888
4175 5878
1017 6711
6491 5768
241 5209
731 9129
6079 40
1006 4279
942 6757
5304 6331
2316 2935
2717 7847
4476 742
5387 6702
2794 1719
6094 2740
2996 6120
334 1992
4087 751
907 7887
1784 9790
9996 9316
7157 857
4612 7100
4715 8651
6390 1694
5096 6102
7755 3475
4899 7689
2226 2474
1131 8711
7319 2128
9422 6838
2454 4062
1788 5733
5857 8323
3706 3410
5457 3299
7995 2154
4730 544
604 7154
2163 1160
3230 1286
1428 3599
4026 880
1583 9087
9424 2235
6532 3726
689 2008
896 271
8830 5089
6470 954
864 3084
3634 2480
441 5507
3129 266
458 3217
7956 8610
503 8095
7567 3220
7816 6161
1341 2790
8817 6426
5054 4534
2293 7799
1508 2963
2534 138
2514 4670
4784 3494
6534 6258
1095 7611
3448 6306
3421 9298
131 2082
7145 6795
9109 650
9525 5348
3170 2294
5830 7774
6077 2096
2562 4651
6697 6946
6044 1786
2860 1671
1523 1894
9957 5426
3005 7515
6736 6481
7006 1051
4376 7619
2605 7232
1933 4743
3545 67
4230 3239
39 653
5736 1733
8192 4507
4359 5653
5113 1591
4861 7467
5506 3205
7961 4934
8435 3851
5913 6382
8787 1173
6331 9882
12 7144
3792 4901
1564 2373
8242 8193
3629 6256
2040 2076
407 2513
3415 7747
5779 698
2204 884
1219 2155
1159 4968
6097 1443
6842 7681
4710 8328
8195 465
7244 6617
9845 6603
870 5825
7182 3885
1838 6430
404 606
8799 851
9345 6052
4996 907
5985 8522
5984 3904
8426 4336
3920 1931
4492 8131
782 7148
424 3423
8631 859
9893 5874
1583 5488
4049 2274
819 913
885 9810
1328 4906
348 7553
1698 3602
7478 3059
2720 651
4120 9845
6278 9306
4006 491
5842 9304
35 6972
4947 2968
1144 6512
2191 698
5636 3944
5941 6255
3715 5488
482 4334
3953 8929
1271 8055
2593 489
2714 565
1929 1391
2300 985
5168 3601
1564 2437
9532 3488
8954 2854
5445 1167
5710 8455
6990 1944
9018 6897
5461 6752
7117 7527
408 9324
3850 353
9114 1812
9016 3319
3798 9638
2027 1200
2404 6846
7987 155
9674 580
9859 3855
2053 3031
9061 5566
1416 713
3852 5167
1171 8795
4922 8844
9288 3739
7715 5545
2234 9642
8577 87
7159 3875
249 2071
312 2921
2447 5874
550 1712
6086 8889
4863 3070
922 7577
1545 9923
3457 2977
2230 1816
415 9687
2889 5172
5897 9959
7321 4373
8413 2477
8771 3085
5440 838
2596 602
648 674
503 1114
9739 8765
5180 1102
1110 3230
9962 7871
7299 127
7430 2095
5717 1886
2836 8018
7878 3347
1614 4172
2836 4675
8115 3180
5287 9860
8673 905
8358 5443
3366 8876
442 3874
8947 1951
5042 1078
8579 852
1289 1536
5738 6457
245 4314
3473 3594
5121 2276
2529 8824
2830 1295
3998 9768
9461 3851
1527 3695
4177 4268
9530 7549
8731 8034
6749 2055
2661 7337
331 8250
554 1709
763 7805
4549 4578
8471 5686
5538 9508
3820 3119
8371 8459
717 2618
1316 5409
9853 2147
5073 5510
7644 6614
4358 9107
9346 96
7814 5262
874 218
4976 8574
753 6819
9247 6256
1455 9469
721 9081
4948 5164
3339 6557
6359 5658
8955 6719
4219 2750
8078 729
7380 9709
1827 5614
9369 834
6111 2383
5193 5531
2578 6875
5827 260
7786 4426
8144 7048
7015 8460
20 9140
1678 9181
4501 814
8626 620
2603 4230
288 8525
4969 2941
