5740 7484
2279 9317
3483 6714
4281 522
8750 6751
7076 28
3965 1341
414 7977
5394 1406
4319 6349
9030 6772
6736 2024
9976 1276
8468 8178
8517 584
1068 5372
2452 3948
2245 2585
6146 3273
7876 9358
142 7321
4534 2693
7509 7194
1617 7752
5232 4319
2559 4716
476 3667
2028 2123
9771 1311
5213 567
7993 9485
5043 1068
9666 9950
5569 325
1138 5610
7978 994
3405 8246
1951 1961
9040 4635
6488 778
5943 4436
9712 7527
1201 7671
1158 6275
8385 4104
1569 9386
8374 4475
1587 402
4525 1625
962 753
6469 4052
6259 303
4259 8862
3351 1181
3927 8519
5259 8390
5551 8646
3307 1461
9355 8058
7271 7703
8801 6129
5688 7298
3250 7432
2180 9446
5932 3844
3696 4547
7665 4049
102 1628
5720 1705
6552 3403
9523 519
7267 1396
4913 2572
3591 126
6772 3682
918 2943
2373 8752
6747 2199
967 893
2317 4817
1161 1288
68 8245
1168 3399
3228 929
1941 814
4856 5834
6858 2963
2024 525
2179 8880
141 4058
35 4056
7292 6308
7748 5918
7714 6146
5243 1442
5527 1978
315 6301
4630 3614
2633 7791
5068 9175
7136 8967
5359 2610
6182 7763
6449 440
2174 7896
5253 3490
9408 1044
8993 3725
7478 2002
9812 8122
2856 6319
1050 6937
9098 5499
2957 2119
5236 5265
1391 6181
1122 7674
1718 332
6958 4718
9335 2957
5947 9757
7782 5582
7139 1630
3260 3362
8643 8422
826 1271
1492 651
8301 6246
510 7001
7186 1079
7529 1749
908 6772
1012 2720
4772 4222
7865 5982
6881 4901
3984 567
7608 1652
9156 5150
7509 2235
1155 2560
1259 3970
8057 6383
264 4234
1455 7664
9405 5814
2816 2754
6972 7386
7821 3089
2994 4739
6801 1593
2696 3639
1303 7934
101 9950
3371 8827
1030 5137
8830 7770
944 3218
5902 6116
2868 9612
7829 3081
3797 5805
6385 1682
7575 3937
4324 4804
2040 3728
5341 3944
5027 5387
1287 5434
9954 8419
6912 9470
7748 2939
7244 1674
2432 8479
363 4800
2217 7797
2200 7578
34 4690
4436 7051
2580 9488
7203 9859
4125 2735
9813 3315
6763 1370
1847 914
4586 1931
587 7311
1770 7058
341 6168
2068 3378
3224 2507
750 1356
1665 9755
1582 5807
5153 2502
7563 3808
7665 3444
5258 2999
225 6802
8200 8891
4801 5423
7971 5055
2724 9398
9070 9452
4898 3582
5524 1233
8253 4431
1084 2329
4454 8646
7390 2188
8704 6794
4438 1048
8053 3328
9702 7153
8569 7692
7041 8566
9260 9817
2341 3750
9795 667
5800 8163
521 515
5655 2295
2898 8114
8779 7140
6096 5857
204 5488
8938 5505
5290 3136
8009 479
7210 292
517 554
5630 1556
9936 2616
953 3673
3025 1173
2753 9007
5187 2302
4646 969
3823 1757
2961 1686
7720 662
9328 8131
8917 401
2386 2545
2772 9065
6862 1672
3725 8916
953 9563
7141 2148
8087 7406
84 558
2593 1110
4169 3016
2936 1361
9676 376
8473 3478
3284 9371
4018 5629
8154 2836
4324 2289
5950 5829
5993 7477
5065 354
4631 7606
8483 9940
1814 9999
5093 4652
8159 9682
8337 1001
4758 7270
2785 9643
9257 7804
2350 4265
5625 8727
914 6512
2648 7003
2911 7948
2963 6356
7857 332
1235 4010
9938 9025
8463 2356
6925 568
6932 7707
8629 569
2599 1120
230 4814
9434 3265
4540 1895
8221 5096
7908 3021
6311 3556
5695 4102
1622 5580
1870 2202
7203 7649
7546 6707
2617 3379
5363 1610
3799 1479
7116 4767
9972 6104
7236 1800
7763 4540
5080 2015
9671 6568
759 6309
601 7670
871 7243
7911 4885
4390 8899
8079 3474
8483 3490
5421 6134
2174 5129
8289 608
3165 8148
1412 8501
9313 8867
7645 8549
2025 1415
1631 1904
8613 8207
9285 72
3373 3523
7729 936
8083 1248
7888 4213
1685 1382
3506 7845
1112 1902
4569 8014
1746 4001
2480 9823
119 3861
2655 6596
9031 7320
1244 5094
4293 2898
9699 7570
8202 598
3529 92
3131 2425
6990 3139
7225 3894
2833 2662
6840 2290
4216 1623
658 7116
2528 5743
828 8054
1010 2226
7049 6762
9447 3221
2606 9687
7661 3053
3191 395
8794 7337
6168 726
5920 5139
773 508
9314 7203
6006 1771
6214 981
3301 8253
6395 1628
6298 2304
29 5063
8169 9973
967 4130
4810 230
2553 7184
1770 8043
5258 5656
272 5102
9855 4573
2531 7742
8188 2243
7241 6481
4186 639
371 5214
2714 2542
7832 9818
9977 8041
1774 5920
3253 7063
8608 6838
9471 3939
5741 2942
8449 3888
509 8555
1378 7418
1065 5317
183 5487
91 9374
3629 1230
932 6229
6676 9406
8717 4459
5758 4642
