3786 1195
6858 2339
7063 1122
6528 5429
8904 9244
1817 9895
6446 5674
9747 2989
7210 7461
2242 4241
165 4197
8047 5872
4097 2306
7619 6933
2703 697
6596 3803
403 4610
9263 8765
7477 2016
9143 2544
3178 3432
892 9108
7106 5318
8496 6022
547 1020
534 1274
5638 8204
2620 1079
8352 6551
9291 4515
5316 6087
540 9489
8294 6971
5901 3735
2531 497
5556 9205
1072 2313
5396 6291
4480 7414
414 1803
1018 6424
153 3287
6074 6537
405 844
2519 1557
2284 2871
2021 6733
570 6886
524 1741
6271 8026
4696 6268
2082 7435
3010 1109
5080 5917
3343 7524
4245 2914
760 1618
2067 2177
6746 3269
1841 2037
8014 5106
8669 2281
9548 6180
8709 7042
3835 5809
4507 4653
2044 3307
8823 6187
3096 165
4337 3001
9607 4406
3599 8869
9427 1363
3579 3151
1292 3976
1161 5692
7165 2870
2391 5265
1919 2244
774 702
5261 111
9385 2712
1015 8788
8604 8571
4651 4944
2198 5872
6480 9398
9265 1644
357 8304
4938 6425
650 5737
852 9769
4285 107
7570 3192
4296 405
9141 1
2744 6239
4322 4611
8113 4160
3576 4630
2977 8800
5104 3401
3 8730
1366 9069
8868 5748
1031 8296
4123 8834
1659 6387
132 9959
5733 5204
1902 1486
8905 9539
678 905
5678 7767
7139 6839
1379 4097
4291 4667
4135 7772
1814 8443
8275 9746
3962 1046
5851 1139
1078 585
886 2898
1916 692
281 3760
7256 6744
8954 845
5438 404
8916 1211
5795 8513
3447 3638
2330 3370
7778 4481
9154 3312
6627 8131
9390 2205
9101 5106
9253 7048
6860 5278
4363 2920
9253 7393
6784 6172
6434 2374
5383 7225
6908 1752
6314 4070
9465 9612
8972 853
9161 6801
6559 1315
2380 3910
7047 5122
2358 893
3679 4708
629 1968
347 7916
866 9649
4205 4031
7814 9510
7019 2369
9936 9508
2065 5437
5684 7003
6387 2644
8821 6851
2470 7466
1446 8165
1887 2509
1838 5277
7756 2632
8106 5567
4722 999
744 2919
8839 556
2289 1797
7137 5793
2917 2377
6478 511
1070 6028
4885 4927
1934 4527
4317 2750
9066 4439
1469 7734
1164 5577
4948 3083
9619 8371
1562 6451
3614 7372
70 7482
73 8476
673 1508
8182 7103
3051 3156
1151 1061
2300 9005
8315 270
6206 9655
8736 7669
6409 6517
1369 2426
4319 7060
359 9604
6922 7062
7148 9255
8418 8048
7942 8482
83 6945
9929 8204
3646 4276
2480 3409
1839 2999
5189 3367
9535 9405
2207 2486
2699 6929
2588 9767
7765 7068
1007 2651
5001 4585
8123 2592
8931 1463
929 4912
8735 9119
2534 3514
193 743
9865 6837
2534 8453
9956 8114
5770 9192
7792 3218
6619 467
670 6552
14 4347
7731 3360
289 7588
6259 4719
2257 1207
2322 7789
1981 7399
7782 4177
2986 932
1905 971
6025 6495
9119 4888
278 3247
6522 1121
5361 9907
566 581
8626 4409
8794 1737
5417 9759
379 1821
7412 3960
9200 4065
4389 4577
9329 1879
9619 6420
2689 3434
1472 3373
9358 4608
186 9003
1526 8844
5334 6985
7405 2967
9530 3198
5180 1952
537 9906
2252 9553
3477 674
9667 388
6976 261
5470 1622
3283 8591
5632 6011
4483 5990
9226 1506
3760 932
5884 1498
2160 4717
8186 2597
3180 6465
1666 636
6713 7492
5517 7955
2362 1036
85 335
9972 1946
7446 1717
2770 9261
9639 4645
7114 8068
219 358
2095 1170
2003 1123
3448 2310
86 1671
1169 396
4052 5814
9761 6030
8455 2076
8812 6239
3372 4409
2826 9482
5600 5485
9704 7286
1870 2208
3405 8445
168 4789
3583 7197
5012 6688
487 8558
9385 8470
5154 981
9161 740
9177 2456
6754 275
3172 3443
7936 4506
1435 603
7685 629
3005 4721
8812 6804
1076 9386
2618 7895
7752 1388
9366 1320
1011 4603
5306 6281
2389 1877
2074 64
6442 6058
6277 6992
8617 1312
3210 7755
909 5398
1629 7093
8265 664
2441 2394
2599 4434
7448 7154
1426 8696
7777 7844
278 9478
1714 7240
196 9315
1663 8130
6714 5708
9225 1676
1154 14
5185 5443
5578 9075
4463 901
68 4641
223 937
1359 6095
251 7824
2565 1737
8447 6010
1686 4566
7112 1260
1494 7193
7822 673
7138 3701
3509 5390
2393 8452
2574 5786
8984 4730
3395 1390
4134 5989
4483 249
8258 919
8491 2936
890 167
8902 5268
6157 1909
4645 1564
4802 9213
8706 1429
4075 1918
8913 4206
4005 1500
3417 3929
1121 5042
5810 5671
9015 4475
7504 8915
2345 3347
1503 4370
2791 2378
9390 6457
8290 7593
7632 4688
5938 9512
6257 9990
331 7359
9863 7509
493 8300
1241 4711
1196 580
2660 9704
6096 6909
5355 8606
7421 5707
8799 1783
9189 2730
9488 2882
6364 3900
8498 481
1853 2034
3444 1181
7932 9376
8189 7994
4731 3965
7831 4364
4865 4264
6144 1690
9591 6065
7903 6226
3733 9911
4532 910
3837 5390
4259 2006
8949 2692
9843 9334
4027 1155
4258 1216
8116 7977
3131 1669
2422 7878
7066 1585
2535 6902
9263 4212
9318 3457
7730 5608
6280 2991
3030 8031
1621 9423
9793 989
2756 5417
4442 2183
7844 5523
8180 8778
8573 2753
5802 2318
3798 8161
11 1996
8296 1654
3497 2094
5155 2099
9516 7511
5440 5402
4956 7203
1958 6469
5967 3920
6481 9717
1408 3276
448 2521
1249 6704
3438 8418
4722 2574
5763 6132
9826 2616
2683 6799
9429 6241
2584 6511
662 9623
4644 8881
9455 1329
8169 1368
919 6277
8036 4510
5564 2942
5655 1038
3298 4764
4367 7570
1354 76
6981 152
5158 8458
8216 2971
5051 3636
7147 7183
5128 1025
2699 8588
9239 3857
2565 7695
3809 8774
4549 4910
8071 6516
9041 8698
4110 2421
1159 7930
730 1313
20 85
5679 3164
3864 4224
2996 3503
5526 6105
2361 8796
5935 4803
9962 6012
6897 532
7589 3515
9596 5611
5800 5415
4550 9093
8334 6068
8368 4034
828 548
1977 3459
2086 7301
7809 5895
6072 9451
1696 6775
5602 8640
7127 4622
1923 7865
4679 1997
3465 5067
3202 3662
4728 4365
1727 87
7802 3488
4225 3841
9798 5357
8314 378
1635 3901
220 2280
8958 7327
2465 5887
9114 5957
2731 1332
5592 4496
5022 9107
3672 2158
7373 6766
8239 1408
7410 8279
6441 4929
1714 7664
2128 6628
4560 4145
1533 7389
2177 8954
3743 9059
3008 7178
5418 5844
6723 2271
7778 9834
8174 8686
1464 7676
3334 2213
4356 9592
6808 6239
899 335
7499 8168
2483 5794
4612 2337
8317 7420
9513 4919
7154 7120
5799 3119
6362 7556
1223 5429
8232 8349
6143 6293
3890 6974
8758 5177
4047 3579
7962 3573
7154 1043
4693 5903
5702 7598
2428 2962
6778 9506
4506 1525
3328 2828
1677 9384
977 46
336 1151
1347 2292
2073 6226
6253 9563
531 3187
4617 275
1742 5858
1131 8084
1158 1005
5730 7328
4802 3836
5501 7160
5886 5245
3808 9746
4314 1451
3159 3656
5684 4900
6154 9988
1940 8747
2113 4651
9223 1659
6314 968
4622 1869
3625 2187
1207 4268
9455 6353
1356 5975
8558 5285
4363 4903
4779 279
7447 2465
9525 1196
1500 30
9094 311
1784 1161
1592 5607
152 2825
1257 6416
369 2960
2610 2702
64 6067
100 3816
2852 7434
6580 8481
7099 7210
4297 7381
410 8146
483 5170
2305 9475
1246 8212
3245 3972
5832 5494
7856 7876
1743 8997
1118 913
5390 6983
6010 7433
6602 2173
1809 3935
5688 5509
468 4000
593 4547
8140 1878
1928 9472
9065 4060
3868 6419
796 1956
8697 1536
550 6518
9172 6094
1839 6249
7526 3774
2699 8983
7000 7192
1883 3772
8561 2056
7296 6687
9308 8585
5637 6852
1853 7696
6430 6961
7317 973
7275 5856
3380 654
5665 4645
7887 3940
331 6528
5602 1513
5773 9221
9511 7954
6793 8442
3368 9042
9622 4576
721 2384
734 9462
5434 362
1030 9242
2131 1225
51 7921
1329 9463
9851 7738
1336 6542
7226 2510
7225 34
5622 6234
6991 1314
8629 8176
4836 3244
1470 4859
4217 3839
9629 7602
2710 2148
5947 4319
3486 9839
4861 9136
5015 3203
8971 9165
8680 3988
8756 1995
1028 4401
784 8768
9703 209
6774 1944
5950 6669
7776 1544
7659 6926
8588 673
3673 2968
6244 727
1197 4488
271 1987
7934 5114
8105 1877
5415 1375
3985 446
9434 1068
4546 5149
7015 886
6212 8520
5181 5485
996 4830
5248 8934
6705 1275
7644 1358
3432 2123
8025 1691
451 466
1840 7061
8781 9484
9980 5413
2041 3136
356 6189
2180 7130
4008 7369
4760 1578
3098 20
7266 6199
1360 7694
5910 4583
3895 8316
8241 4515
3066 4048
2400 8999
2274 603
1743 5176
7152 5056
420 4073
5497 2843
4334 7743
4866 6994
8600 4595
2989 8603
1938 553
5010 1582
6497 671
6561 9004
5078 1799
5590 3632
7645 1816
8575 9765
6951 34
186 872
9450 3233
354 1039
7479 8980
1180 3178
1213 9790
9165 2649
4044 7917
9855 5055
6060 9417
9731 5509
5871 2991
2280 9666
7156 9118
5565 4425
8045 258
1443 1204
3988 2096
3143 480
697 4113
4719 7112
1679 2578
2499 8807
7368 7898
6958 344
7790 3902
1284 2384
692 9458
4454 8078
892 2609
1860 5233
6186 1631
5155 4940
8328 3645
1407 9494
587 2605
6354 3301
1911 8182
9350 651
4911 7994
2023 8529
3247 4246
5661 8340
4365 7690
8073 1949
9949 7193
1565 8693
3444 3363
1265 4280
2992 4065
947 4409
198 737
7134 9559
2187 2260
9871 5919
3351 819
3700 2930
8519 1001
21 3481
930 6525
9272 3829
8255 4814
880 6540
1109 1476
8821 7505
7938 6581
5818 178
1792 2677
2747 4248
4549 1970
5237 4811
8585 1343
4203 8484
830 4526
5318 3143
875 8228
524 657
2570 3383
8724 9134
2451 9883
1513 7902
4888 3150
3869 9752
4082 7713
6288 1808
7707 1512
2113 8917
8494 9652
1460 7902
4700 8382
9061 6823
1137 6342
5548 8838
9718 2318
5042 4835
9959 4848
8738 7607
1160 8935
3971 9172
4996 253
2725 4453
4903 8288
9259 9527
4637 954
5272 7209
3017 4866
8716 944
634 3373
8865 3630
4891 2537
3569 7860
4266 3291
3467 9301
5212 8903
6021 9708
1679 4288
2740 4945
511 8433
5386 4857
557 8347
2847 2972
8733 543
1075 8858
1967 3103
7938 6368
3345 8161
9066 423
9059 8948
1609 671
27 5685
939 2330
7721 7235
7810 7659
669 9586
2998 49
6248 7277
8800 5071
3169 7952
3953 846
5257 5509
7640 3396
5936 7581
1780 3367
6169 8978
6487 6557
1420 4490
5132 9398
8700 3326
7898 6444
8184 8124
1160 9945
3685 2778
6852 3930
2171 1132
3423 9651
5998 151
4715 7139
3585 7927
1288 7225
2182 4590
523 8503
9113 958
1568 2966
3870 4681
4834 6763
392 4695
4424 3544
8523 3304
3666 8822
5492 5626
3812 3873
2744 6173
6082 564
8346 7829
2654 4999
1825 416
9085 6902
7353 2233
7008 4788
4473 8540
7858 4624
229 5915
1134 6775
5636 6896
547 1258
181 179
3241 2881
6653 6143
534 9952
6805 1888
4733 8312
2882 6208
9415 8225
3220 9730
3700 5240
963 4494
5315 3812
6231 7135
2352 5261
1879 6713
670 1598
6116 575
6390 1898
1943 4980
7038 2125
1144 1744
1869 1253
1281 5765
3390 6721
2162 5299
2148 2696
246 25
1261 6957
9766 2444
4009 1554
556 1037
156 3515
8779 1334
7890 1380
3741 9957
3667 7221
1917 6701
4968 2069
4934 1849
5836 4413
9691 3362
4950 6926
2905 7731
8855 1702
2266 203
4751 2366
1419 3266
6997 5688
6480 176
8934 3176
6391 698
4204 8687
9738 5871
5955 1472
969 1266
7913 7709
9687 6008
1893 4625
9812 2565
1433 4532
763 7506
1482 1338
6204 1921
1056 2877
365 1860
4505 8828
3453 251
8770 516
5289 4333
2249 1566
7426 8713
6493 2489
559 9597
4855 2186
9983 9063
1437 6945
7889 7417
7668 7341
328 642
7909 8691
9945 4347
7844 9579
4935 8480
7661 11
7617 5904
592 6920
2633 4006
7551 714
1849 4761
1204 160
4418 7952
9784 2052
9109 7274
5026 5104
1189 2653
9469 6208
9260 2637
446 5290
2829 368
8580 2252
8602 8672
7680 3493
8599 4849
1703 5959
5934 2563
9333 8795
3333 6777
965 5205
7181 7611
9071 4585
8172 1834
7824 127
717 7698
7600 6595
5575 1557
3872 3936
187 6693
2306 6942
8242 5761
5278 8504
2487 1108
1426 5267
6160 971
9642 605
6002 6006
3568 2674
1573 7184
2470 2917
2326 6466
5617 7213
829 7269
3288 6766
5454 9991
8750 2617
4771 4687
940 246
2314 7236
5154 913
3243 5548
7887 2995
2301 6001
544 7651
905 7288
7541 364
4926 2917
1834 8865
2695 7849
5685 2990
9242 8397
2315 32
5075 9156
8760 6392
6289 3755
7518 2300
5214 8948
2413 7663
100 2645
1349 7491
430 5850
1816 4331
6653 4226
1843 1893
1725 8760
5630 3704
296 9408
6562 5627
9720 1814
6219 9926
5346 7745
8238 9085
3617 6429
7340 5978
1793 4185
7287 2633
862 9998
1477 4459
4012 1842
7795 1875
8760 3356
9564 7781
1886 328
4378 5536
4028 429
972 4377
1559 2254
824 4458
9213 1134
8659 4315
2603 1447
1759 4912
3824 8140
4580 930
9105 5949
4563 5779
7246 1803
3030 7404
1189 4429
8604 57
9766 7891
9780 2120
1527 9065
2583 4701
1976 8558
5307 666
3353 149
8117 3085
1227 4875
4895 7242
1333 2699
6346 267
8152 462
53 5301
2677 3719
4175 1949
7917 2206
9578 3307
2985 4235
1841 4094
1100 4854
5323 5264
2165 8588
1808 5610
3129 1621
2523 5739
1232 2515
2833 1701
1663 9741
3761 281
886 8941
5980 2597
5915 3735
9175 1403
967 2556
9647 8307
2223 5758
6924 9955
2758 5492
1001 7871
1569 448
4979 1004
6635 1791
7503 2297
8874 7936
1921 6159
8721 5113
1003 1384
407 726
323 415
1640 7556
6376 2710
203 2125
198 1598
7220 3861
7655 2178
3339 5780
2716 9237
8204 3957
2093 7805
1168 1231
9710 1136
4684 449
6179 3550
4489 6547
1109 431
5700 8730
661 4063
1878 2701
5408 3126
7703 5430
4755 541
607 1627
2529 8878
4973 110
2131 9835
5307 8161
9711 114
1809 7438
541 9568
8777 1382
2565 6547
4979 2616
2157 4356
5002 3044
7458 789
6423 673
6308 3591
8597 8188
1384 9984
6036 1154
1400 2458
5570 2383
9149 5151
9798 72
304 4068
9263 1606
3133 5476
5837 8948
1545 6975
4846 4907
5893 5842
6732 1564
7347 7193
7909 9710
6425 7618
6091 6728
245 1139
9916 2673
2655 7775
7349 5542
9317 1381
6691 412
354 8937
8538 8967
3296 7767
7594 4090
7665 1158
6510 8816
1160 4137
6663 8330
3901 2924
2665 6906
8961 3805
1059 7391
6734 1128
4293 5314
8611 7224
3789 6112
1951 1963
643 5417
4603 6741
1414 9817
4365 4615
2006 1877
7594 1377
9427 1304
236 358
3349 4334
9940 5312
9854 8321
8066 8900
8830 2354
3011 9783
6965 7674
3050 5664
2542 2545
1986 8064
922 8128
4994 175
5066 1698
9218 5561
1681 3776
6493 9385
1337 2093
1064 4677
4677 6830
7970 9786
919 2831
6668 4169
1844 882
651 1698
228 7801
220 5600
2718 5718
3191 5110
7603 5201
695 7496
1962 473
5609 1084
8188 7535
1235 610
352 6640
5175 1331
1658 7185
3687 9654
3264 2175
9163 9497
2526 135
2338 5677
7082 8868
5 1698
1594 6344
3874 4918
1412 4013
6231 4312
2758 3979
3149 1522
5383 4893
280 1622
2206 4591
4732 5207
2514 347
402 4571
3858 5540
7931 3248
9046 4514
1124 1069
2917 2288
5466 8027
4232 9362
3344 1236
6735 1787
7759 4442
259 2782
4062 4827
2091 5731
1490 6723
99 6540
823 8514
5946 440
9312 5728
4554 1944
6875 7663
1982 8929
4904 8416
9999 9377
2108 9032
175 8981
7041 1636
218 2154
1936 122
905 19
6674 7026
1273 2555
1523 5158
1644 8299
888 4694
4303 30
4994 926
2027 9202
2644 140
5807 6498
5090 9260
3198 3394
3994 9527
3109 9979
1191 2764
8304 72
1251 3101
9438 9776
6541 7181
3874 3012
4252 4184
2667 1067
3395 9156
4662 6477
2933 8647
2434 3821
9498 8489
8756 1594
5411 1467
2605 5575
2058 8552
2313 1082
7214 7163
9977 4706
3486 577
5619 5517
5859 6864
6007 4168
9091 1193
7094 3928
1043 1850
2639 6793
1645 3830
8170 6117
6339 505
520 6151
6642 9367
3786 3137
346 7284
3025 1738
8445 1881
998 8252
4886 630
7132 9101
6509 3651
1058 5164
7736 9052
2861 3215
9091 1244
54 8235
83 3848
5120 5731
1687 4863
3644 1668
7456 9537
6864 4849
3843 8174
5893 6858
1533 4768
8064 5218
247 1996
6660 833
3097 2021
1526 6007
7427 1697
8625 3491
9274 5632
4955 4531
4112 778
3944 7004
840 8617
7293 8669
2280 7079
2855 8479
9791 1032
7277 2527
6777 2235
9603 4783
2705 2221
9041 8745
3494 5007
3700 6166
6497 9690
3955 9583
5478 624
8500 2050
4889 1684
3792 182
6531 5068
1732 1762
4677 5334
7994 619
9980 8153
8423 2365
390 6973
3958 1821
468 5998
7925 6508
6432 4013
799 270
9216 1223
5034 7371
1180 5594
5057 8726
5709 3622
2436 6861
6694 512
4350 4208
5608 2381
8952 5973
2080 1596
5117 3514
1699 8340
4014 6269
3710 9057
3382 2169
1703 5481
1328 578
616 3060
6232 8755
4637 3067
3247 9894
5675 6336
2467 5892
5124 9791
8158 5661
3656 2803
9502 9994
5182 3483
277 1473
2291 6670
8818 4904
5650 4078
5232 782
5126 7561
4445 2615
4476 8741
2509 5718
6940 2269
4912 624
6328 9639
3074 8526
4790 7001
6081 4243
3547 8955
628 1343
7161 8397
5130 3219
9482 1004
193 294
4893 1202
6040 5000
2097 4828
9703 3461
9600 1936
6237 8476
7198 6190
3562 400
6177 294
8574 2670
9603 58
6274 9376
6021 5478
5094 5282
3495 6333
8026 5699
1126 5781
1041 8495
709 6055
3299 8218
8255 8656
4674 1871
347 7019
2319 8618
5073 178
8846 1267
8029 5410
2327 2268
3138 543
3470 3308
2624 5144
5077 9549
6056 29
1457 2499
6463 2158
1210 3823
4066 9909
3207 3890
5802 246
409 3718
8688 1078
6279 1145
914 6938
5659 6523
9334 5922
3162 2939
9214 8598
6057 1436
2940 9599
2974 9838
152 7257
3109 1146
6449 5639
8500 7198
993 72
8961 506
6324 5417
1170 1306
2217 2651
4278 9077
2617 3638
4594 9397
3016 3934
1278 8616
1594 7077
1569 150
9976 481
9802 1492
1379 4415
6433 9577
2456 1240
9165 8063
5 8707
5800 332
1611 2796
6256 1137
5860 2643
1870 259
5655 632
1116 920
1785 4742
5827 9268
470 8733
9395 3205
4785 2804
2102 6699
6904 6270
583 5901
8316 1693
1663 4696
7871 2005
5265 2649
1887 6050
1079 6524
6162 2556
1547 1382
2610 1802
1850 4304
4651 3301
5590 7829
1922 5999
4284 3822
1225 9299
2838 7803
5328 9278
6705 5990
4414 4382
7809 2291
2849 3898
9219 6010
3746 5811
5843 9000
4188 6090
7728 5794
7406 4946
7693 1179
9071 8886
2041 6857
4178 9470
3921 6291
1674 6062
852 925
2064 8416
456 248
6386 5924
3579 4419
9486 2580
1180 9814
9360 6205
9691 6625
2728 8811
5071 577
8000 6051
9815 1299
9164 9239
1890 5387
6242 3574
7714 3031
1820 4834
8142 8207
3932 8790
9592 2576
1871 8360
9263 8602
3061 9371
1493 2039
321 9512
5459 3773
7036 6238
6796 533
4222 1607
4864 620
8943 269
2882 4794
3787 3213
8635 1058
7941 6090
4672 3657
1261 9189
7394 3339
180 2508
7797 5162
1760 3281
3891 8328
2763 5117
1394 3063
337 8421
2099 7950
7946 8763
8396 2751
1012 903
7000 7959
9125 8344
5453 5958
8191 1653
1246 9040
7701 6697
787 4243
493 6895
998 5002
2791 8058
1231 6976
7596 6537
7379 3145
7978 1368
5511 8558
2880 1338
9435 6807
9221 2998
7781 8431
606 8416
1020 3922
5327 5481
791 7114
5681 4905
5780 8826
2981 4588
2077 8250
6264 8891
5624 7941
2024 7325
1933 1759
7254 5726
2206 7002
3756 4430
3954 4075
8321 2684
818 6009
6555 3797
2889 5030
2820 7944
4533 3570
8528 6700
5523 747
8477 8964
4586 2809
1324 2802
117 9785
8335 1353
7175 3912
2052 3943
2715 9315
8561 8211
9274 989
3136 9044
1377 3297
7581 9955
9153 8968
4573 5009
5768 684
6546 3547
9313 6958
909 3661
663 4118
499 6053
3504 7177
3378 2538
328 159
5957 2061
3387 8821
3383 2782
4231 641
277 2658
1600 6261
8359 8131
1766 6629
7424 9977
453 3868
9603 9928
4460 5196
9993 969
1488 2404
9104 8142
8433 503
9782 7376
220 3739
1095 6267
1411 8143
8627 1085
4971 961
7076 539
7220 2270
9934 8900
9790 2987
8951 8554
538 4740
6009 7790
1486 6707
3318 75
6190 9363
3948 2310
5207 5941
6633 2148
2093 6467
7760 9117
9656 9011
4476 4704
1210 1951
5845 4278
3636 5266
9825 6187
2682 5125
4077 8747
6692 3164
2204 121
9207 5338
2542 1094
1075 1596
3076 8304
1901 9700
4676 105
1648 6165
873 1722
336 4063
8796 615
1136 7627
8584 3636
1124 6617
8202 4920
361 1895
6360 6993
9540 454
8757 1273
1688 3912
2834 4008
2908 8748
3782 4553
7004 1373
3760 2385
414 3191
9836 5726
5336 1260
8149 1404
2545 9062
3195 2398
9653 6222
4021 9098
1229 781
8728 8166
5438 2064
6568 8226
1936 2401
6894 2438
146 7860
5499 7182
8172 735
1885 7971
8278 6094
4160 6923
5607 198
5110 3347
6256 968
3369 3469
1994 3048
7696 5941
9085 1198
432 4088
3955 7340
469 2583
1100 9282
8402 3528
5091 3215
8038 9022
8672 793
8815 1786
5424 7343
3571 482
4690 2460
9148 2369
4307 1870
6612 3774
2221 3496
9906 4418
6987 9829
5603 4356
1648 1871
4109 231
9097 7807
6031 3864
9760 2757
8109 48
9090 8473
3915 9824
611 2995
1592 2222
4321 8681
9997 9690
38 7111
3189 1734
1666 1252
3568 438
7480 2290
2515 1332
7335 1270
1010 5255
381 8121
752 9925
1847 1150
7814 711
4203 1909
7490 6380
7402 8335
850 9488
560 6163
578 2718
8910 3649
7506 1284
7115 8709
9004 2262
3398 2717
2756 4806
7742 7294
2017 3794
1989 6357
9883 7486
4019 8970
1893 7892
5367 9737
5740 9513
6340 4580
2321 978
3321 5875
740 6198
6368 798
8289 918
2860 4684
5696 9130
6349 9420
5431 9262
5958 9125
9378 8877
4209 8217
870 1197
4785 7983
6947 4955
9368 3953
2457 4280
8714 4675
2924 2261
2193 6966
570 3818
7747 6523
4427 3693
6305 9611
1083 2561
9409 5143
197 5853
8990 2428
4288 5967
3134 4985
1390 8784
629 5684
8818 5626
2585 4681
4962 7096
6069 7124
2606 5484
6529 2706
2656 4502
546 1715
1780 2388
9982 2451
3642 2693
2643 8649
7497 3267
2648 7775
2326 7280
2244 1603
261 9407
2718 109
8559 9943
3380 9922
1110 9059
6896 8360
4261 2574
4840 9388
4123 1598
4533 4208
2889 2525
582 4361
9641 1088
2006 4040
4258 4497
6395 3351
3898 6944
2273 294
1131 9514
1270 7206
4889 7384
8519 8199
3298 3308
3323 3949
1271 2743
830 1464
4059 6254
8289 6852
3657 9886
3568 1053
5259 3341
3636 5767
7864 2020
9162 5230
1965 3370
3555 3402
1008 2994
4749 2053
161 4344
7427 991
1873 2535
6929 7617
2375 2559
1307 3841
7969 1509
4445 8438
3576 7260
1813 2429
4088 7043
513 4491
7758 2382
3043 596
2018 5353
3692 4875
8183 9402
4184 378
5601 151
9030 8420
3238 8968
779 90
4792 7502
8199 6475
7634 244
4376 1183
2753 2421
2670 6
9845 735
9215 7916
7032 5318
1595 6737
5343 5515
3458 2406
382 8926
2549 4745
6688 3554
6219 6325
7367 6336
7605 564
2193 6831
3140 5847
5068 1651
2889 4359
4203 4851
6077 460
6186 6208
4994 5598
1486 258
3482 4411
6241 3588
422 8120
7404 4932
4434 4779
9957 6180
1887 152
4956 7636
4449 1739
3265 1764
5946 9718
9752 5540
6006 2059
7871 8271
1337 9003
2175 1751
9782 2464
385 9634
3730 6889
243 5030
7832 3652
7851 6593
6717 6417
1036 3820
3015 147
3367 5648
298 8906
4515 8618
1443 3584
1504 8683
7288 9617
6536 1427
719 8606
6583 2879
8303 7283
9164 6320
8885 8184
7361 2367
2519 9045
7416 7086
9150 2169
9654 3120
3615 1565
1157 5979
426 9108
292 1549
1496 5222
9409 6797
3022 9149
5162 2676
6423 3423
1072 123
1201 1278
3054 4150
3398 1149
5721 5218
462 6564
7431 1995
19 757
5285 7297
1061 1439
5700 5132
6287 4258
4739 3149
6250 3605
9171 4231
4048 1781
4743 7230
5684 1183
3290 591
5440 8192
7750 3776
5695 9131
258 409
1148 6363
1611 1092
2586 4889
7447 160
3206 1983
6646 1852
7258 1294
5450 5218
7428 8413
3592 5586
8838 1043
222 4497
8414 760
7176 1633
889 1639
1022 2803
1252 8918
7793 8122
8771 8041
4582 1522
8549 1540
3889 6513
6808 1967
1862 7469
8185 2799
3979 2606
7231 3810
5954 2836
4073 4555
614 6508
7684 128
8100 3936
7633 8544
589 765
1751 2680
8872 8265
9525 8424
2637 7892
7419 9650
63 2510
2697 4002
1370 4554
5799 8404
7453 2273
615 402
1017 5594
552 3837
5356 6568
1277 3247
4167 1940
6493 9327
8646 4669
5324 8788
3697 6222
2746 4333
7198 6031
9323 3440
5866 1006
2311 9713
4408 6399
5458 1477
4281 465
6798 6280
8749 4852
4079 6156
104 9576
799 8308
7720 6407
1588 5600
2518 3350
2047 3049
6971 6183
4566 5951
517 6547
4597 2432
7531 5734
8000 6076
941 4940
2092 9703
4191 5403
991 2751
152 3216
8068 7615
6469 8846
5939 2483
1955 3364
6337 3261
5806 2511
5220 424
243 7376
6090 8922
1325 7727
8555 383
6174 4448
6635 5091
9691 6229
2341 6400
5166 7412
8996 2282
3526 8746
9683 8183
9505 4736
3304 6707
2221 7022
8988 1938
7372 1933
3055 8583
1318 3985
2185 2933
9795 9431
4532 4932
5977 5034
3208 55
642 5564
5415 3307
8546 8100
3339 1026
72 5411
5164 9393
7459 5884
2790 6855
6103 3043
7354 9551
1295 1348
404 7383
9029 3640
1646 450
7568 9219
5123 7323
7790 6081
6453 3196
9442 291
2179 4461
5967 4948
2501 4992
6550 9425
5530 4957
812 3001
8149 1466
6064 8049
3939 9741
8507 6907
512 1605
7241 343
1595 1397
4151 6218
9607 8723
686 1167
5155 2592
1375 684
8731 2520
2782 438
9792 3917
516 2951
8503 4399
4224 9247
9966 3903
270 9608
5428 7092
4331 6895
7049 3357
216 1008
2435 4328
2237 737
4898 9107
655 3266
4567 3121
6005 8642
145 5455
1639 7350
3239 999
2632 9798
2109 6117
2694 9896
9057 2648
3663 4290
3429 9403
2807 6026
8098 7029
615 3167
1562 5582
40 6654
4623 6051
1552 7918
4835 4715
5244 8429
8319 7114
1935 8718
1512 518
5402 4771
9663 1673
3853 408
3591 8087
7228 5696
9820 4272
597 2324
6210 3176
3169 5352
812 2693
8554 9072
9631 9193
4268 4500
2534 4560
1038 4720
4695 828
8819 9007
2805 143
1772 1753
5144 312
2352 2218
6426 7779
2447 4533
4659 938
3859 4409
5111 9776
7160 2610
1214 5968
7358 4419
1972 2193
2637 3443
1234 4189
9080 694
5181 1698
852 62
6606 408
5531 8337
2338 8004
8524 4748
9171 8572
5030 7720
630 1692
5781 8732
5478 8313
9499 355
6625 4836
4915 7456
6081 1794
4194 1231
782 9785
14 8462
4018 2285
452 5644
2046 6908
1141 384
2923 7062
9777 1421
547 7105
6615 6260
7536 780
5850 2251
8245 8819
2616 6253
1709 2722
9576 9795
1968 8285
1970 9777
4333 6672
8212 7971
8404 2418
1937 3017
2147 3584
3068 497
868 8951
118 2020
1717 1345
8981 8900
2488 3668
5973 3493
1500 9479
8051 7176
5628 8119
7687 3760
6486 3257
7314 767
8798 3968
8041 3920
8452 4897
5585 6011
7667 597
3307 8692
4332 336
561 6868
2307 8720
4546 8061
3591 5847
1546 3640
5320 8940
1926 9858
5860 8543
6439 22
1747 9724
7605 1292
5428 5650
1573 8499
8151 9685
5918 4186
9836 5968
744 3270
3484 6511
3382 239
2567 1803
7702 3835
6365 6375
4935 1679
9825 4155
3370 3971
5835 2127
5340 261
1420 75
5459 2881
6824 8125
7014 576
2975 506
482 6831
172 8312
5786 4466
2226 1371
3263 7416
5219 7551
9057 6991
2196 6838
3300 7995
5245 6817
1446 116
5685 3060
4608 1854
6558 1030
8380 9630
6636 5174
1974 5753
3819 2436
8854 7646
50 4767
2380 7351
5635 8331
6588 6027
469 8454
1597 9720
4227 938
9917 2608
9462 9077
2727 8657
7520 2247
8359 7274
1227 8012
8221 7083
7010 7628
3473 6380
5501 6255
6614 9920
2499 8852
3617 5947
9659 5987
2732 2849
8164 5906
2998 3649
7670 7717
3694 9843
1016 2666
3552 9134
836 9412
7934 3949
6855 9670
8787 5890
29 3522
2164 1948
2461 5218
24 8069
5696 8775
6890 8863
4200 6336
6732 6080
2751 9230
8797 5275
109 6373
4350 4993
3231 7653
4466 1720
1604 7546
4965 3867
1529 1073
9871 6338
8839 9501
6712 3411
6491 4040
7822 8089
615 1117
2644 9668
8056 3446
1198 5361
7304 1729
2170 1564
6468 1673
5809 7379
9568 7282
431 7692
8809 4068
750 1002
9483 812
2842 9916
9173 1360
4993 8631
1290 7873
4361 1109
6153 2550
4230 3821
4095 294
3916 789
9515 1686
4594 2918
9122 8100
168 3375
8197 19
7690 5468
7840 7001
5829 2457
7316 8197
9738 1905
4631 2964
2689 9564
1594 9382
5872 4920
3115 668
283 470
5020 6869
3630 9177
9780 730
4649 4923
9701 8790
987 1505
2958 6346
2418 7296
945 1600
802 2640
183 1486
532 2815
5379 9133
5969 1769
9828 7419
8528 871
5919 446
7596 4773
5581 170
8137 7737
8081 900
8344 2497
6716 9704
2073 1467
4836 9272
1568 571
7554 7270
3516 3881
7724 9349
4548 6953
6995 3850
8626 4719
6061 3528
5813 8866
4469 4621
8689 1376
6241 9223
9338 6834
1060 1131
817 2322
7445 5735
2829 2586
1953 1190
6590 9935
2525 5460
9039 7438
1278 4770
7114 598
8508 5117
544 6694
8916 3786
9848 5096
4605 6213
3720 8990
3533 650
2930 747
3677 8931
7249 2278
1418 7316
7429 9547
8430 5251
8746 5202
3871 6491
6015 2324
2773 6563
390 6811
6994 1643
6183 617
7277 4983
5883 1212
7279 5327
3718 3488
3186 6389
435 2086
4055 8457
262 6516
535 1626
382 1069
4332 1293
1146 642
3121 4339
9662 5544
5143 2598
8822 1052
345 996
4858 4597
5506 8192
2274 9753
9310 757
9868 530
6334 8924
4812 1570
384 5376
8067 8101
5055 192
4883 455
7494 4501
1777 2534
4331 868
4380 9208
3578 4838
7086 783
7022 3782
417 140
7367 9803
4899 1139
4793 7303
125 6830
1506 6879
560 8212
5726 8475
2321 3595
3054 9296
327 731
6662 3869
3266 2053
8726 2211
3646 6420
3468 2601
2056 483
3591 6414
593 3520
1567 5376
5201 4111
3875 7165
1262 9393
9939 168
9580 1591
3408 2254
775 6401
7072 3289
6911 3484
3990 3940
3027 7004
9314 2193
1058 774
4501 8600
8349 7825
1624 6432
1137 4925
3917 4083
3748 1877
8581 8029
9342 2897
6915 325
8762 6352
7794 4015
2236 2628
6787 3201
1125 1342
1865 7765
6149 5163
4761 6719
9744 287
9995 2495
4517 7713
38 6137
699 1975
2604 787
2540 2900
5617 5582
9031 703
9426 5209
8256 4469
6515 8290
171 8786
4026 7103
473 7500
1018 1788
6530 2144
82 2629
180 2306
4328 6950
506 4847
4096 1442
1137 3909
8001 6913
2039 7350
5401 7533
3940 9224
3488 5391
3646 6464
1531 8421
2039 8560
1906 8871
6794 719
5348 3562
9527 3768
6393 9732
5130 662
5209 4497
8115 2398
4539 9398
7345 3037
4752 4852
2048 1268
5537 271
1365 353
2950 4208
1575 6048
9736 9223
1569 9409
7625 1829
9445 1324
3987 8345
2243 130
927 425
7482 70
2151 9396
1918 5053
3805 8070
1899 4673
8638 9355
7785 1436
9681 8455
832 4595
3268 918
9294 9392
3273 7167
3383 5589
9613 6238
1388 2814
9066 8435
1503 4486
2509 2229
7366 5692
26 1290
8302 4904
6286 1419
7537 2313
8726 8356
891 8529
8782 9914
7514 2387
2557 3584
276 2411
2223 4747
2286 6047
3042 9237
6234 8437
5429 4495
5472 1637
5406 5658
7088 2656
2891 4823
2662 7825
7148 5373
15 6338
703 4524
1180 6194
3035 1056
5621 1799
7217 7560
992 479
9103 2279
8754 1643
5479 6219
2660 1805
5841 2748
7882 7249
380 8583
4304 4426
7610 9708
4101 3439
8205 3716
957 1926
5100 1063
402 687
1979 9021
2043 7301
3562 1283
7167 752
3676 9776
4460 8430
8986 3945
8563 467
1593 6834
6550 815
8378 3063
3461 4943
9681 6042
8309 2934
4744 6588
2162 2942
341 7521
6310 3785
1097 3167
603 3805
3018 2664
2109 2591
6403 1065
8036 3791
8586 6066
5361 7301
5011 342
502 122
7203 2405
411 9723
792 6585
1166 2121
8119 4877
2074 7748
6453 6357
3676 4073
186 4729
5954 3145
9715 196
6228 7324
5399 5117
4104 9206
4205 6259
5889 713
2060 7134
9079 5035
7666 1508
7005 3178
2041 8025
559 4781
2743 3547
3098 6220
1077 3709
6512 9491
7842 6161
9628 9171
9753 3484
788 697
9952 8724
5773 9843
290 8605
770 2160
7088 3317
7528 6296
3587 717
2092 2092
7605 633
5534 4607
3569 2458
6178 4341
840 5290
7444 3290
4118 246
3596 8183
1844 1619
8402 336
6079 5850
6580 6002
1912 9942
8838 3051
686 7361
1641 6362
2585 7785
6975 521
9224 648
286 3719
1597 2645
2675 8875
4647 9605
9817 2454
2305 8630
9210 9177
1129 3021
7780 6471
2292 814
832 1948
3248 4716
4351 8654
3754 1138
6134 2178
4352 1377
509 6962
3066 2027
2114 9278
3941 3647
9682 9313
9359 3878
8491 8581
826 9390
7515 6793
6747 4100
1661 3954
2098 199
6 5040
5551 1099
8283 7491
6179 2860
1462 3949
3797 8739
8040 7545
2118 9581
2528 5101
3863 8522
3725 9388
2537 6580
6337 735
3861 2241
6038 1429
45 5274
5798 7673
2482 1277
9717 5763
3912 128
2401 2337
2407 4055
9294 886
7444 1431
7867 2244
6735 9692
7257 2135
7310 8568
2205 914
5049 877
4163 6430
1879 7597
3557 6479
186 5088
4989 8762
8743 1638
7224 1396
8649 749
2971 669
165 6645
9850 6477
4496 482
1382 9821
8176 9986
4951 4953
97 9920
7259 7940
6074 8872
9758 7469
6063 3612
2442 2416
2776 2662
7232 8176
4033 5870
9960 6260
2515 5023
2806 1312
9267 1029
2190 4070
1849 5050
1816 3788
3316 5250
343 1871
3085 1458
8279 7192
1417 4968
8677 2350
2866 1895
5604 4733
3976 6898
3869 5653
3172 8716
166 6342
5998 7437
2326 8970
2560 8632
2984 7203
5690 4250
9454 1064
7047 2837
7640 2746
4848 6014
1318 8347
2319 2083
5690 273
3959 1121
7633 1000
7266 4997
2771 1702
6939 4546
7160 2770
5453 2419
2206 7223
7195 8577
8889 822
6850 2839
3771 74
556 5108
1780 2656
887 6624
8250 710
2293 9027
2444 2451
6372 9026
1636 5304
8241 8700
8620 6181
7656 8756
8947 7487
1712 319
3968 2305
5061 6417
7237 129
5573 3811
9735 6148
7536 9575
3149 3572
121 2607
520 1552
9586 8315
2418 9445
583 4978
6890 1308
9978 2339
4542 3876
415 8604
3802 7441
6232 3643
8784 7173
9764 7954
5880 7695
5987 6272
3195 9697
1421 9822
5098 1238
4148 5496
2645 3124
247 2733
5945 2718
5209 5752
7736 3885
2849 1296
5759 1247
5827 2476
8260 1552
8591 4875
4703 2025
8104 8243
5835 4935
8536 8441
445 2446
2050 5552
20 9725
1880 8981
5249 3603
8126 8395
1913 2786
8622 9458
1000 9506
9598 7694
5689 8618
351 644
8947 9099
503 6600
390 1213
8338 3893
9079 4735
1732 4125
4120 408
194 6082
827 5155
4417 3091
7864 6395
175 1195
8941 3859
1441 4727
5734 5337
3405 4535
2381 3036
6249 4806
3587 3772
1603 8653
7312 129
850 3669
7464 6878
7197 1292
4191 9959
1755 2250
8253 6609
8314 6115
21 1177
7236 4128
467 6455
4479 2858
9797 7652
7620 9750
2331 8395
6403 3928
2481 4812
3508 7297
1677 4150
8801 4442
6180 4758
2562 3398
8690 5867
8377 1490
5705 9724
4847 8801
9369 4492
367 662
9777 8156
6114 2368
5398 1410
874 6893
5714 7433
3027 472
3022 553
8214 8565
355 1528
1872 4720
3884 7153
9602 9936
1248 228
5819 6769
8256 814
3459 1730
3628 2219
9673 7020
8971 7993
7056 1765
858 2495
4709 1012
3476 4958
4244 2661
6835 870
539 8447
8726 6764
8527 1733
163 7578
910 1178
1423 4567
6213 5816
7516 7209
8227 4882
1106 5561
1517 3192
8322 5270
4771 155
4118 2317
5763 2770
1229 1383
333 237
2742 4306
4519 8664
9754 821
98 7522
5039 975
2220 9710
2026 6351
2615 553
5572 3145
6425 2862
9537 9655
6950 3190
7901 5358
2779 900
2936 4755
3933 5328
2868 2702
2546 9554
44 7005
2573 9186
4375 3036
6832 3405
5373 3636
1196 2683
9705 4785
9549 8430
4192 9241
8660 8829
3489 7354
9829 562
5149 675
7074 9617
7913 2645
3175 6427
385 6267
3977 4674
416 9832
6536 1165
190 1680
6012 8878
6552 602
1487 9058
8534 1780
999 9832
8649 424
7047 1238
6548 2989
3638 5816
6860 913
4272 43
1155 3974
1932 2073
3249 986
3422 3222
6740 28
8318 5259
8266 4027
137 2640
1532 257
2581 5151
8558 7232
5707 6678
9604 2476
2256 7293
3335 2057
4836 8201
983 2422
7744 2897
3139 6667
6873 1311
9704 3455
5818 4137
9943 9036
7297 5809
8714 3511
8472 3321
5799 5451
8839 9371
7813 4069
9704 9768
5599 2246
8395 9135
6760 836
4700 5472
4990 3122
1873 8674
8625 5361
8200 178
8550 7382
2065 9469
6631 8382
4647 5231
4829 1600
613 7773
8465 7938
5814 4080
9326 4351
9614 5347
9164 5367
2535 3247
5577 7143
9006 1749
5768 8842
1600 396
2927 9664
6367 4955
91 3103
1834 2425
3047 5511
8027 1843
1565 106
5794 3422
4828 1164
3219 846
2667 6327
2971 326
7389 3298
8921 6785
4421 3923
8602 6928
7627 4258
501 3413
7696 64
2745 3263
9726 4793
8147 8583
6452 7366
2372 1642
9825 2181
6771 8376
4462 3724
1407 397
6481 7772
7864 462
7199 323
6542 7030
3538 5621
9290 1953
6299 9660
1004 9529
6010 365
3636 9887
7948 2364
1957 2172
6676 1283
3430 6649
3837 7263
2459 2268
4622 6220
4916 963
3903 4690
6437 3078
1723 8752
1461 888
3783 8136
2219 9822
8754 9227
2758 228
4669 7446
7403 6332
7917 7357
9189 5880
2799 807
2727 9866
5451 1450
1990 3514
9196 7833
5749 2568
3423 9195
272 3106
1818 1438
8446 632
8383 6155
1073 46
9024 4652
9087 2258
2421 9835
102 558
7148 2381
2491 5008
17 2975
9364 6537
463 255
6695 5347
8981 5807
114 1926
332 741
957 6333
3800 6470
2509 5748
3373 2949
5530 7045
4772 9766
3362 5603
3710 5240
6783 9094
1240 4690
9079 4425
6111 6621
2404 1920
3382 754
2675 2174
278 5846
5776 3654
246 4339
3826 8016
4939 1001
2 6302
1425 7669
690 8511
7562 4032
4316 1412
2215 8267
9848 1378
8341 1289
3522 9607
7321 6751
5243 7408
3632 3479
7071 8906
5904 8939
4616 6264
3667 3328
2225 4597
6245 8448
2173 1674
7579 333
248 6370
3446 5923
7678 2027
377 8317
8843 3616
599 9819
706 2693
6161 2834
3763 1827
831 8293
71 5877
524 7986
8365 546
4967 2016
3498 59
887 5416
1724 727
7310 5953
8640 5278
3698 3153
1909 4275
4888 3760
2017 4597
1889 31
1218 1735
9722 8201
2679 6511
271 6120
6576 6188
3504 1596
4883 9068
3942 7480
7873 6364
3591 1661
9944 8769
3576 3707
8250 9799
7571 3989
4958 5656
8634 2580
1253 303
7450 7775
6064 3790
8691 6874
1457 380
2407 3724
447 1139
385 1653
8733 281
6712 7968
3325 1645
6308 2053
1537 7989
5137 930
6450 9910
6930 459
437 2627
759 9440
1147 377
7057 5246
6823 9867
9637 5481
4374 1913
5952 7224
3562 7366
1274 4801
4423 1786
3678 4422
194 1765
1481 8320
7942 134
9409 7804
9016 619
6568 3395
4446 9369
5969 7006
5708 9279
2258 25
8143 1302
4634 5944
9134 2091
981 8168
6174 3040
4030 2279
1860 1935
676 438
6480 609
1424 8445
3688 1311
3670 1456
8082 5367
8746 1009
4823 2832
5813 5527
4372 5185
5912 957
371 6815
2480 4621
1578 6294
6730 8479
625 1659
3129 412
4714 1583
2118 376
5900 9622
8264 4912
4240 9
8036 4112
8400 2632
9414 1768
5740 948
8593 640
1408 3484
4291 1257
2003 2870
9405 5574
2560 9217
7729 6379
8122 7576
1661 4052
780 2825
6727 6666
703 8135
9209 7330
8815 365
5119 774
528 245
4206 9224
3900 232
2343 1251
4417 1126
701 276
4649 8008
6932 2554
2250 1844
4010 1322
2671 6080
1770 166
8086 555
4190 5839
5964 3913
9621 6184
7078 7933
3606 1709
417 3708
7204 1092
5852 5391
3058 1762
8628 6553
6137 929
3776 3610
1383 3729
5135 6899
1818 9405
9839 651
5934 1743
655 2434
4259 3878
2103 7604
370 6183
9974 2288
4081 9506
3404 4265
7174 7831
2682 5724
8152 2345
6678 3603
1484 2513
947 7914
7167 8918
5009 6704
111 2379
5681 1281
7775 4121
6843 9889
7402 8735
6339 5627
1127 9607
2537 9547
4766 1516
1441 4281
4891 5417
7763 6823
1344 307
6563 4108
9984 9321
2707 9570
7257 3706
3048 7085
785 6648
6443 5854
325 9612
9728 4039
5598 6747
1548 7311
1349 2775
4290 567
1207 2073
9439 1470
6252 9437
3191 8355
8149 1774
7647 7769
5093 1381
1213 5440
6850 2812
3341 6369
8556 3223
4037 186
9389 7893
4331 2363
7920 2962
1526 6352
3831 4785
9714 16
2520 1930
1255 8645
3112 750
140 9629
3435 7986
617 8752
1402 1739
5578 5507
8070 3671
683 7389
7340 5021
9312 8248
2042 5893
8195 218
9665 2106
3892 900
4715 6735
9324 2555
4798 1264
5026 6677
2050 3035
5378 4550
4512 3103
4027 6076
7564 1988
9224 5784
6164 6187
8817 7246
6761 6774
3027 8638
1949 363
8413 4068
3965 4198
6252 1084
2242 6109
3817 4715
2803 8504
8834 8250
6429 5424
2391 5156
2293 6134
6741 6162
7213 7223
2472 5909
4453 6047
3964 436
2404 9197
7013 966
4120 9894
1808 9282
9114 2460
2554 8277
3045 7759
9071 4852
9272 2228
7205 8562
3002 998
1226 6133
9246 2810
8268 3988
215 5544
936 2323
9086 4327
1796 9011
8353 791
7745 5619
6494 6965
107 5100
8385 8330
2323 11
9802 5893
607 5312
6994 1163
8192 9495
8432 2636
8724 8276
2935 6791
7549 6133
226 2017
9394 9890
5331 3554
2261 920
5639 5120
949 2727
8222 5744
2340 6201
7722 3802
7564 4228
9831 5373
8525 4097
5578 2467
266 8765
2524 5478
9397 3280
1465 3539
3112 8493
7507 1774
5542 5593
6909 5734
688 1904
5749 1386
3788 2084
4609 2188
5876 4567
862 2069
6171 8443
6133 1385
3845 6951
9919 6988
8519 5837
314 1782
8012 3978
5596 3203
1450 3470
839 5390
1157 2109
9646 1871
8850 373
3911 2290
6174 5393
2161 1082
448 6156
2952 9013
1549 5834
7079 6402
6171 5460
1694 7409
296 7011
6868 826
5835 5199
5374 3984
6394 9863
2384 5207
7854 1668
2019 4196
4692 3433
7896 4708
966 446
6300 5520
5530 7150
6989 7423
2825 1693
5164 4396
3458 4222
1315 3482
991 2083
329 4725
9433 2118
228 1867
8648 4456
7198 8538
493 5225
4954 4940
2708 2407
8313 7153
8004 1370
3656 1755
5401 9199
3229 32
9364 979
2722 8011
8432 5011
2929 4132
4440 5634
4929 3713
9992 6811
5119 6493
2706 503
4016 2393
3714 8256
8534 7936
9555 471
9345 2495
35 2228
4729 9380
2708 6924
4201 2645
6117 5527
7805 9269
8417 4834
2032 7844
5398 7459
8863 9780
6057 6044
9554 5683
167 2097
6684 5205
3599 5165
2880 6897
2079 1218
1447 3584
5484 431
6047 9777
6758 1991
1462 7745
8427 3952
5336 9977
2058 4713
613 8968
3643 6288
1527 2050
7469 2082
4354 5145
3616 4900
8572 4683
6101 5122
7039 4333
3587 3078
653 9799
1211 3419
580 3247
4365 3186
5202 5530
9148 4773
5498 9632
3088 8250
919 5663
3003 2555
7777 3411
1455 627
4526 2501
3117 1851
2570 9393
209 3479
3130 6189
620 3946
9246 7
7265 1473
245 2382
9525 6191
6053 3428
385 2148
8043 5921
601 211
3360 43
9026 9268
9869 1158
3360 6135
3744 4311
8605 8987
5151 3197
1505 7294
652 2801
5454 6485
4570 2573
795 2638
1152 2556
7124 6932
3163 849
6080 8563
9384 2858
8307 4781
1986 3926
3508 7820
6441 5172
3169 2921
9412 3694
3442 7837
8168 9718
7324 166
1609 6768
7015 139
5376 2529
2194 3059
3102 934
6166 1779
4305 7447
5176 4327
4820 2701
2226 7412
5643 6914
5588 2875
4096 7480
1383 9536
2567 2157
5171 427
281 9166
5922 910
5183 9402
5620 2489
8477 824
2340 4683
5682 5482
7275 3802
5036 1844
7395 2229
9281 9480
5918 2407
3947 9588
7801 1470
9268 2063
3051 9453
531 4287
2 2911
4437 5311
1953 382
5391 4863
5298 3379
6787 1948
3378 6142
5858 8178
573 247
7153 1663
1512 3814
1966 905
8846 6145
8325 4691
8924 9860
1630 188
2657 8598
8873 168
9648 4473
973 4324
9417 162
7229 5140
2327 7482
1533 1615
2538 9028
3699 7261
856 6432
2177 7552
9887 7343
4434 5841
5279 1304
35 5244
7574 8939
1636 7198
8923 7396
8911 4638
8287 4145
9560 1130
1329 5463
7333 5604
6049 6787
3537 8925
9735 29
2395 2575
2741 2273
2468 7393
2970 2177
4297 1367
3816 8325
8814 2937
1129 8821
8380 933
4717 7864
8203 6535
9351 9230
4020 9447
314 1323
5920 9844
9533 1412
5925 3184
3974 7727
1939 9004
8454 2374
8457 3558
737 3501
2830 7231
450 9925
9581 5266
6268 7903
4991 9586
2035 3892
1679 2147
3756 5557
4747 988
1699 591
2631 3515
3836 3921
6998 873
2716 2225
7579 4816
3064 6331
9052 7706
1134 5083
9273 9388
5875 1502
9164 3523
2316 6068
3121 9629
1249 3065
8551 2172
1583 1844
7864 7398
9021 5119
9206 4816
3410 7400
518 9533
5813 3799
1953 8065
8564 5713
6936 3675
9529 3788
1833 2130
8730 3877
480 287
9648 1471
6047 8220
3531 956
3536 2827
979 6240
1994 7658
7186 5700
7155 1797
7680 8009
8949 2557
9887 9197
8612 6504
8600 6707
1518 8040
7109 4174
1380 3904
6721 4590
7817 2805
8557 6911
9816 257
4837 4557
8971 3998
7362 269
2857 7089
6577 648
9327 8741
3380 8889
1363 7641
9207 2857
9684 1660
1653 9784
1702 9961
524 3055
1853 142
2207 2964
7896 1537
4939 5230
8384 2820
9020 1914
9553 6120
4096 6829
7016 4721
156 7947
509 1017
9454 7191
1363 3943
4930 571
3886 2097
7257 5387
3556 2223
2856 1109
7223 8210
4845 5771
5890 5349
8374 8485
194 3763
9349 8480
6119 4681
4159 7196
2395 8557
8357 2549
4530 1920
4037 9599
1395 3648
5105 5223
2966 7120
2783 4840
1038 8748
7331 6044
1785 8888
4474 6564
453 1816
9592 8185
5381 582
2165 7267
9925 8047
6916 8586
4570 5935
1668 1436
5949 4878
1466 5790
4762 6218
6030 854
6372 1319
8853 6568
1004 1285
6431 5936
865 9010
2370 8112
8186 4927
1015 1994
8722 6966
8115 5616
1507 1340
8888 9385
294 5748
189 967
1033 8677
7772 2887
5746 5484
3387 4681
5891 6469
8957 6193
1919 8230
601 8316
5325 9068
1451 6711
8202 8027
3082 1837
3 5104
4058 1023
8196 377
9874 9753
1274 9735
481 643
5472 3266
3053 1141
6200 3374
9596 126
7895 4830
4726 1207
9462 2134
5979 8259
1575 9796
6001 2266
6597 6434
3904 2662
7215 7045
7266 733
6854 7946
4997 5329
2885 850
7491 6293
3552 2555
8724 2033
4096 1089
4402 9847
3439 9332
8237 9446
302 3308
3664 2575
3535 6154
2452 1046
400 9265
3859 379
9317 6869
4992 4122
3577 6883
7253 5600
9750 6801
2317 2176
6851 3447
195 1349
7501 8110
9163 120
9642 9288
5919 787
2170 2865
7628 2727
4590 9172
367 283
2078 1680
4202 1239
9701 5869
4876 9648
8464 7754
9183 628
6279 5273
4659 9016
3771 301
827 7792
337 2626
759 48
1261 2942
6354 2992
418 4134
3949 4389
1497 9796
1963 4093
6129 3080
2110 1371
3542 7597
962 2357
757 9630
2329 2970
1774 5512
9831 2551
2459 5137
8158 3084
6977 4377
2221 3099
6772 144
980 1760
271 248
3212 8839
7060 2413
9924 1594
3473 1826
9359 4907
6916 3742
1420 1217
5681 1127
1142 4918
3265 5565
7310 8816
7357 170
6117 5806
795 8425
1518 9350
1272 2613
2947 8668
2183 4691
2967 9029
8617 6482
4444 1789
7949 7297
2134 4118
9834 3379
5328 2451
7643 2351
3853 212
618 9402
1762 2610
8960 4361
3138 6461
315 8705
1769 9971
4978 5970
637 9204
2277 8148
9122 2484
2536 1376
1118 9921
7681 3506
3021 374
432 862
5413 895
9615 1696
1243 6510
4922 7496
7096 4750
6785 4726
343 7877
7179 8163
3248 5535
9630 6720
6362 7976
3148 9522
1468 1994
5615 4367
453 2025
265 7858
6060 6843
1845 4453
1178 9244
9970 7071
8328 6528
3009 4652
467 4554
4317 8413
5863 6557
7723 943
7498 753
6050 3904
1032 521
1900 1055
1152 98
6797 5332
3548 9150
2212 6688
9318 1282
9808 2021
9290 925
8724 233
5703 8138
2942 792
2762 8695
9317 9032
3932 2039
2993 7457
8570 1877
2207 284
2550 2635
709 9434
3148 1265
259 2425
3480 1833
5003 2675
3350 491
5538 4839
745 9965
5095 764
6368 7957
6275 819
9895 4562
2290 6205
4826 9255
6849 1005
6607 874
6472 479
1044 7292
2939 1768
9846 4377
8843 4592
5860 4595
2466 6846
8659 1178
2143 9026
2163 8239
7870 9449
5218 4249
2204 1404
9760 3736
3546 3786
883 7559
1279 8472
5404 8151
4611 2598
9129 8362
8409 1956
4156 3261
3165 7940
1500 8890
8175 4897
3770 5789
8014 305
2567 6837
8632 1239
2548 8749
7424 4204
1306 1404
1650 3119
3612 5418
1508 1642
3177 1972
9037 1415
3718 6097
1466 355
7996 8949
3838 162
6797 1974
8026 3155
7437 8494
4653 5285
6047 5617
2718 3914
1101 2624
2360 8283
6732 5788
37 7869
3903 7662
2622 6546
314 3367
306 5170
4170 3171
8037 6300
3300 3284
6634 8
924 9660
9909 1119
5095 8011
6602 5117
9090 5706
6442 1989
580 5542
5711 4629
8817 3857
3781 2316
625 2150
8332 8474
1648 412
3467 3415
87 4093
7208 1718
1420 9511
2293 2171
6517 1954
893 3323
6931 1107
719 7491
7420 8848
9753 7516
5497 485
6458 1693
545 2951
529 2434
2117 8263
1081 6843
2111 1130
4985 6920
1221 5958
6263 4339
8050 4127
2046 7358
1878 2483
5808 9440
3196 4994
9725 970
9885 6210
2851 6270
5188 3090
9288 2530
5633 7518
5623 6081
9074 706
920 7555
4383 1187
1763 447
9412 3562
1157 6590
1253 8834
5044 9409
8605 8388
6128 4437
2455 5664
651 4566
1648 543
9946 9250
2317 3239
4556 7552
9897 9791
2299 1649
6098 580
9760 3013
2309 1643
6732 8161
742 1287
1092 8672
8021 3021
4108 8983
7581 3286
6872 7565
703 5638
6943 4699
5119 1995
209 4608
2717 471
3818 2233
4390 1025
7783 5951
6588 4873
4681 833
3331 3547
2104 2660
573 6310
681 7911
9705 1182
4019 412
2344 1054
4894 5988
5360 9090
2093 298
6580 7187
3118 1187
7347 916
6080 2868
5152 7646
8324 8373
371 5287
23 2037
3534 2487
270 6142
562 1262
5619 7946
5778 128
7520 9078
8888 3027
6281 9061
5288 6731
4175 8168
8658 148
1458 9837
6283 6704
7318 630
3278 2144
5049 3324
4462 3672
244 835
3024 8639
8993 6399
9431 5780
4252 2167
5456 9352
5404 569
4623 9319
6676 8911
4841 4584
1749 8785
3012 1144
9799 5227
1836 4033
1175 5504
9063 7105
1539 766
27 9928
2484 4468
942 3282
3627 7841
2110 2343
4815 3119
8515 6447
6646 9697
8018 1593
274 9640
4819 717
3006 5868
3125 9601
649 25
560 2378
3570 2488
107 483
9925 7775
1631 1330
1588 924
5964 5017
890 238
8410 8570
3052 4580
7603 4511
9681 3723
3168 4761
8819 9569
2593 3463
2278 4191
3088 9738
2089 3095
4632 9926
4475 3339
7570 8204
8720 2318
8032 9125
9332 9614
6670 193
9503 6466
6918 946
8105 2048
5971 498
9296 1123
2984 4508
7591 539
2769 3482
3025 2997
2266 3851
2015 6173
8511 4535
5783 6241
3860 7925
8566 328
3174 3708
1478 6034
1041 9
4707 2562
4820 7506
1130 8633
8178 360
4676 8533
2170 6866
9714 1450
5577 3815
4985 7151
3422 8844
5408 7452
7359 640
807 9459
8714 2163
4634 45
6190 1246
9670 7366
6059 479
2892 3516
9351 7379
2644 1795
8611 1658
7363 7181
1661 1189
4080 2376
3255 2003
403 4024
2504 7997
6528 2711
3298 9886
9267 3034
1412 6775
6971 1030
2480 9234
6092 498
6047 3429
6095 3647
7556 1353
1357 534
5983 5004
1021 2112
5411 5540
2682 7340
6105 4997
2760 5484
1686 164
312 5617
3051 3613
6074 9513
3323 8706
4114 7622
5107 2341
6190 4336
1989 7961
6183 2397
6837 4099
1319 784
968 7798
7098 3792
569 2608
4792 2875
6782 3103
113 8955
1355 4120
5770 8471
9813 8953
7751 7933
4505 9453
5113 5503
8574 6912
2042 4203
5352 3284
8743 2511
5759 5011
382 1389
6672 7765
6167 4139
1778 3925
1192 1983
8331 5551
7571 6025
9620 2381
9667 6097
2283 1603
535 6786
3191 1527
1006 695
2721 3333
8084 3878
2065 1297
6668 5914
9718 1678
4222 5461
5242 5743
2402 8021
9894 7740
6782 6150
9634 6519
5469 9017
3775 1600
9457 6451
936 1942
4250 7161
1270 9294
2391 2859
1380 361
4732 3695
611 7057
7317 2719
6031 4020
5546 7093
6481 949
2499 822
421 6783
9870 5213
5455 9291
1598 2458
3354 3412
8663 2202
625 4953
4040 1592
1650 3795
759 9908
8623 2583
2067 5956
3911 9342
4294 3608
9669 9715
2073 6178
2839 941
4989 981
9393 2190
471 9694
3971 4619
236 497
6009 2829
894 7445
7265 5542
5573 1970
322 5672
1649 4905
3403 4643
5262 6981
8330 4542
1113 9745
350 1880
5891 3162
9423 383
612 9975
2764 1057
7906 8966
5477 9713
6305 9176
139 7436
173 6144
645 5244
1958 6232
9940 748
1403 2708
9704 206
9019 1515
9476 7610
3975 4676
6048 7159
348 7581
6158 3343
9712 8914
9919 62
5722 5243
327 3659
4663 9238
4590 1723
987 3528
936 3601
1381 6830
1096 218
1750 8409
4880 8489
818 8985
4300 1774
9032 2649
2560 2749
1103 3883
3054 3676
7313 8261
2637 748
9325 4141
2758 4268
3911 7313
3025 4266
195 8698
5408 6828
2450 7042
5978 9998
8172 99
7579 3292
8735 6082
6825 4595
470 6268
6970 787
3038 3311
5556 8663
9077 8748
8582 8008
8003 5036
4821 623
5790 8209
5609 8250
1896 2654
5866 5505
1356 2569
6581 8441
857 4640
3027 7624
9774 3466
1051 362
5879 9632
9558 1412
3479 7035
8324 2343
6023 1071
3086 9511
7981 8569
268 9741
8048 8485
9624 729
6939 2564
5906 3756
2288 7547
4453 5701
3919 4495
3049 5642
9847 3392
4330 3658
5036 3523
1082 5409
1754 6725
2099 6283
6761 6300
3551 9756
5425 3632
8780 6512
7824 8491
1914 1742
9242 956
8070 2274
7984 3378
780 5836
9972 4919
6008 2419
2587 1579
8782 4077
5540 2995
2588 2483
1225 5697
2460 1025
9572 7958
4078 8812
4324 4838
2101 3639
655 715
8368 5911
6154 220
2124 4422
2310 9774
9945 2597
7917 6811
1722 3957
3215 5043
1729 2007
6182 7137
1290 2242
7056 4416
5478 8710
1390 6637
4027 9423
6488 1294
7978 5836
20 2899
1634 8080
1175 4908
7939 1449
1914 908
261 2159
8864 4956
8682 1103
5544 4307
5473 3609
5470 1189
9388 6870
6919 5001
852 574
3261 2399
4284 8089
8583 5377
84 532
4668 1434
1007 8583
1177 1637
7591 4532
5906 7287
3519 3906
7862 8671
504 6828
662 3389
4200 7380
7910 8817
8569 2843
5749 7893
1118 9365
2714 2158
4923 1464
1920 8462
2149 4262
5875 4542
6968 8428
475 7979
1064 1370
1864 7774
7481 9571
2271 3056
1987 1143
8772 285
3232 2416
6984 8569
4296 8713
8998 1056
896 6534
3080 962
5278 8335
4655 8479
5552 7167
8035 2672
8125 637
8152 9703
4795 1016
961 6391
4035 9720
8553 4918
2035 9747
3792 7681
546 7533
7586 433
5577 5668
6559 6366
4592 5771
5270 2849
2263 8340
6771 3934
9654 8436
267 3090
1974 4610
8422 9289
6386 4255
6476 1539
6696 4029
4018 4343
4117 7881
4343 4729
4912 299
1787 9032
9669 2192
112 5899
7157 5509
8659 8494
8123 1078
860 5415
8610 1464
1827 4574
3222 3780
3638 9516
7305 1493
6537 8435
167 1397
4237 3390
4907 594
7524 250
7603 7271
1748 8118
354 3736
9466 8311
9685 5533
2753 6399
7128 8035
7683 1999
9017 2447
1310 8762
6780 3269
8475 5692
3073 2072
5179 4714
1636 7155
9715 1004
9172 4103
7386 8841
4806 9590
3217 1201
6938 1119
7874 4609
2782 5675
747 5475
6385 6760
2637 5268
875 3059
752 4314
4732 91
1418 7541
5074 5924
6400 900
4366 8138
6107 7948
1833 70
4959 2981
3 7813
3864 9158
6429 2775
1270 4146
